1000 9913
39 70
761 966
171 86
337 866
67 137
105 478
604 928
329 850
401 461
850 544
464 363
318 26
530 418
379 24
271 128
789 579
960 971
527 499
839 317
109 32
471 985
57 893
829 743
367 664
152 935
635 184
913 340
36 525
5 984
614 982
725 423
129 233
970 286
311 522
351 773
959 602
142 288
914 201
120 596
65 341
909 450
18 677
803 541
666 713
903 740
761 205
102 503
265 772
912 185
692 377
596 61
685 428
992 872
425 718
634 436
905 756
656 190
697 890
891 273
979 96
373 305
231 951
608 694
373 505
391 199
965 238
508 749
962 230
514 248
283 603
637 678
448 694
620 564
197 773
274 139
738 555
917 749
289 871
346 368
116 794
730 538
747 584
42 760
557 199
65 649
45 499
798 51
730 653
111 150
350 698
727 104
68 699
416 332
488 513
935 95
647 363
700 165
877 844
881 265
721 224
333 666
688 503
927 664
971 280
591 815
479 1
746 539
60 456
631 131
908 670
375 321
360 550
753 49
971 70
277 825
333 845
174 691
201 52
970 306
827 647
420 855
916 956
797 803
942 692
29 260
327 68
438 663
978 632
245 151
83 356
66 618
568 728
752 85
970 20
476 333
204 732
325 293
785 169
580 80
917 604
101 729
592 176
859 646
14 532
989 58
187 480
171 935
867 578
62 800
461 850
353 841
120 44
771 988
653 340
897 930
755 658
708 324
244 405
747 278
140 760
694 307
292 515
665 47
152 150
443 425
990 456
752 310
662 460
591 350
890 905
525 636
379 388
803 358
860 575
950 459
833 112
617 803
883 214
477 707
975 989
832 510
341 945
675 885
18 500
972 885
800 718
363 694
890 172
476 975
318 210
998 688
309 325
911 27
346 827
679 207
792 401
540 823
501 477
450 877
967 208
320 231
734 741
65 66
752 260
406 691
27 138
952 821
183 519
763 352
26 462
353 334
88 59
731 979
883 888
847 733
938 667
335 489
687 4
528 659
729 310
488 876
607 317
72 503
757 192
316 394
852 52
908 198
857 666
514 333
474 830
434 716
842 209
1 471
996 878
121 256
287 57
220 76
704 257
580 508
267 5
163 244
496 891
261 559
232 401
818 392
306 756
842 514
426 287
332 628
488 7
323 907
351 192
380 872
626 592
608 203
445 676
301 960
910 982
234 485
366 158
209 161
392 415
545 335
655 902
752 789
950 326
493 233
612 353
872 398
66 349
217 735
223 273
190 170
542 47
750 98
237 117
865 948
959 242
446 387
963 759
433 800
431 309
313 462
385 937
423 945
673 446
70 686
401 147
809 814
916 534
167 428
26 512
762 790
563 475
670 541
708 720
969 592
540 57
759 167
688 876
837 896
216 93
326 486
978 945
596 256
870 739
616 478
528 608
472 374
921 567
387 399
249 4
654 339
71 455
24 942
425 721
248 332
325 72
407 694
466 398
451 510
914 678
749 512
165 608
211 414
68 381
361 269
770 489
111 697
205 644
940 825
547 233
324 22
362 993
317 601
383 565
480 380
853 554
10 261
926 271
253 9
698 246
571 108
789 29
202 985
405 804
300 446
418 145
220 741
646 777
623 251
135 268
672 621
983 72
342 304
396 888
964 635
191 53
618 355
52 333
694 948
751 77
768 262
21 726
78 409
949 106
146 265
555 820
556 828
834 954
677 592
147 913
406 942
29 320
920 853
911 83
97 703
294 115
620 933
78 810
894 220
1 945
807 819
956 751
294 962
734 332
40 856
442 724
118 49
100 516
304 733
268 376
530 103
933 122
936 274
19 534
574 356
52 834
316 108
601 394
508 964
435 870
378 168
934 924
900 260
196 471
942 968
762 127
727 995
275 58
231 208
602 996
166 124
900 683
406 52
559 502
27 769
543 875
89 632
409 65
205 886
124 890
533 632
720 913
883 511
172 288
432 445
695 956
358 264
419 137
277 43
653 384
624 762
196 61
215 371
77 366
258 648
210 145
29 715
328 988
772 885
280 31
824 711
822 59
275 292
771 747
385 420
483 393
693 262
419 709
651 798
781 931
600 966
816 814
142 854
716 335
392 181
181 869
347 517
755 384
852 750
265 282
587 331
455 27
222 290
740 443
652 773
28 111
485 768
97 564
226 912
703 390
784 548
674 648
143 767
972 357
268 365
369 952
903 805
351 888
2 440
198 229
790 505
615 620
142 428
899 19
667 31
960 3
728 31
411 477
322 816
897 534
329 116
62 854
845 219
123 836
126 357
348 935
685 288
396 838
704 294
724 809
763 773
858 743
430 948
90 653
589 597
449 826
945 925
822 485
366 929
561 77
559 974
693 632
824 649
436 727
148 303
890 918
323 63
348 410
828 940
262 974
571 528
730 878
677 933
882 357
194 163
104 76
359 812
492 467
683 122
722 540
469 77
942 900
209 512
393 329
198 404
19 259
904 91
602 408
386 693
47 70
451 969
378 107
454 204
990 914
661 914
62 385
763 372
946 300
236 396
540 244
500 297
924 347
601 450
748 119
52 526
550 261
533 357
698 671
718 730
684 926
407 685
504 10
235 362
932 92
409 57
466 58
679 812
732 801
549 469
793 837
771 871
831 703
140 782
179 720
453 465
680 299
555 681
646 512
258 705
85 938
90 528
237 671
453 610
220 403
537 87
242 759
495 27
154 513
565 609
698 66
738 835
360 389
177 753
986 377
15 753
437 15
977 10
265 150
319 47
51 645
488 105
142 748
141 999
57 20
954 778
395 196
501 749
156 472
29 70
219 376
590 281
189 384
775 505
337 661
194 54
91 930
844 220
479 203
730 23
507 165
513 522
890 465
446 275
360 976
169 142
423 513
355 215
748 806
635 689
991 66
792 652
633 546
406 348
578 229
230 944
179 82
382 591
438 685
369 576
923 83
18 703
516 194
373 57
550 289
973 934
373 675
705 264
980 134
822 609
288 712
805 893
454 357
681 295
990 315
295 803
971 969
822 528
14 973
842 242
771 818
511 493
884 841
469 849
16 952
664 541
67 702
643 603
981 448
405 453
966 738
825 526
77 329
812 252
465 495
301 769
432 240
106 491
866 368
883 177
11 180
674 364
336 677
685 812
564 643
637 83
565 758
547 855
531 570
320 799
817 461
211 842
786 532
694 949
643 933
590 202
702 384
886 685
86 933
398 481
661 421
207 915
975 773
963 837
513 662
151 170
75 261
479 47
564 199
123 17
604 51
778 912
437 551
259 731
556 611
208 753
471 4
263 943
820 24
549 742
39 644
479 461
943 466
800 68
175 68
805 477
218 601
442 725
819 209
753 885
992 683
274 678
368 213
832 324
210 552
728 149
841 410
658 192
930 957
456 632
294 572
633 792
795 505
541 533
247 919
212 157
354 815
583 382
804 377
580 640
728 947
747 113
287 210
496 599
151 355
268 189
490 125
366 680
58 996
528 9
267 511
31 110
159 37
736 236
989 246
45 190
121 424
709 215
305 273
396 680
276 502
295 442
787 499
44 122
29 714
641 456
470 146
897 102
741 343
195 143
803 332
769 428
879 441
197 694
879 46
773 509
703 892
462 554
157 72
648 617
280 429
393 114
307 916
458 552
321 240
599 157
123 76
358 821
161 367
329 733
42 58
479 3
463 654
579 849
755 138
838 974
289 387
402 162
649 99
341 479
235 692
696 194
553 735
346 583
754 328
97 587
574 39
208 620
601 203
585 718
178 780
804 552
153 634
10 981
482 246
924 449
835 678
342 618
145 494
844 680
421 329
493 127
724 374
156 746
784 707
947 145
786 369
169 369
27 895
448 808
808 88
644 742
810 522
478 404
795 370
348 928
223 369
301 22
875 945
679 941
816 417
279 547
27 522
11 897
125 291
92 44
845 554
277 366
44 207
392 824
266 209
841 835
349 556
347 454
689 407
618 119
157 409
413 783
470 960
660 368
35 145
721 774
480 660
262 60
963 193
103 594
696 580
570 101
371 810
964 317
731 218
949 143
454 682
220 605
636 64
498 155
561 959
142 640
864 616
4 673
68 552
440 207
648 916
846 987
705 709
8 307
778 283
873 927
164 702
8 386
615 49
141 485
403 329
631 97
635 98
653 639
946 459
330 868
682 465
526 102
621 220
770 556
553 324
992 740
424 112
351 863
944 839
486 754
343 863
438 477
93 308
735 997
424 991
652 415
943 232
212 102
468 200
948 594
865 308
478 481
992 324
842 76
678 478
443 312
370 893
46 84
413 687
981 66
675 309
417 517
21 139
22 444
675 117
248 651
124 530
694 354
76 653
662 140
459 901
79 298
335 988
854 868
361 49
306 754
625 912
944 112
768 782
767 590
618 506
931 475
94 859
20 26
259 802
480 559
319 46
659 453
306 935
897 328
203 961
39 95
332 171
295 49
617 179
206 615
48 577
838 884
660 840
242 267
688 433
337 549
265 448
251 59
804 819
786 866
644 324
421 205
994 641
283 228
247 175
375 410
450 847
531 74
811 898
241 728
259 271
425 27
127 442
436 445
990 900
687 964
729 118
415 513
952 979
862 186
586 593
960 430
779 802
175 129
141 49
144 859
787 515
459 594
899 170
528 753
145 327
862 468
295 845
244 779
5 979
482 896
874 398
430 160
737 926
629 408
386 218
596 87
357 613
267 325
31 228
947 487
804 36
883 485
174 890
832 805
870 813
586 252
419 239
276 364
978 386
372 149
529 916
537 385
522 471
82 478
310 246
119 610
699 899
459 308
637 481
430 719
534 705
917 199
385 350
100 285
82 256
124 395
911 409
882 347
993 658
579 457
302 928
696 747
968 880
807 233
539 887
172 928
24 636
759 321
150 939
561 592
195 750
237 87
402 44
497 490
155 364
247 2
104 276
79 973
735 377
683 210
665 835
227 46
1000 366
963 610
736 980
446 174
642 292
88 983
600 902
847 625
577 149
117 340
388 284
925 595
655 382
344 240
288 690
661 969
978 915
109 272
339 23
781 180
239 854
19 649
149 570
994 233
863 699
49 766
178 474
325 153
933 346
19 758
26 38
465 526
338 276
603 800
895 8
435 614
25 486
192 369
871 19
837 143
654 65
931 966
992 232
844 841
443 160
45 44
284 396
233 276
1 142
21 195
705 410
581 27
31 510
731 477
625 975
824 233
524 173
927 176
950 633
548 315
717 348
789 63
486 117
168 679
153 277
651 50
907 396
638 934
338 126
589 354
294 253
242 911
579 276
76 266
149 434
595 606
673 824
525 823
346 773
521 508
726 208
977 226
527 306
736 277
401 430
554 380
863 650
902 818
968 586
570 898
347 519
403 281
133 128
542 356
907 985
307 181
825 304
386 572
482 405
9 771
895 646
825 417
188 359
494 679
776 202
135 697
652 613
340 9
322 620
584 871
344 204
697 584
165 994
113 433
791 914
739 453
779 874
374 312
356 787
861 810
737 740
40 84
314 543
317 920
579 811
156 538
909 116
876 233
89 553
533 696
878 875
904 588
433 20
606 913
849 110
184 586
370 681
615 989
690 500
563 894
358 78
486 19
11 896
582 560
197 853
366 564
96 40
774 495
82 487
102 978
893 942
162 14
769 30
988 902
113 580
918 953
25 830
998 363
360 427
471 489
217 226
827 369
21 298
485 285
641 245
680 400
189 521
924 604
7 920
301 763
910 539
474 209
720 217
351 373
480 866
815 666
392 196
322 29
506 817
271 84
807 6
80 215
522 946
119 110
655 242
986 167
878 489
934 399
916 654
534 821
596 666
647 622
744 909
281 913
502 909
565 225
35 938
936 346
712 1
65 71
374 203
360 517
678 19
700 575
661 815
188 267
246 49
527 202
549 782
787 889
771 284
627 886
442 650
699 781
486 755
508 927
397 98
60 188
100 685
931 723
992 700
866 996
981 405
415 467
719 257
648 408
50 405
373 502
157 681
568 836
550 628
277 575
461 883
561 397
693 696
31 33
241 713
921 5
79 309
851 324
409 857
25 165
713 171
936 582
619 850
44 67
427 845
104 750
431 781
927 136
788 450
368 803
516 977
901 621
522 274
25 794
679 709
798 255
603 325
54 159
510 589
975 525
997 69
34 971
20 138
320 676
263 534
674 155
177 977
472 543
474 181
919 895
595 647
782 429
108 594
96 862
557 703
635 803
503 211
91 981
130 991
661 609
612 209
541 203
907 993
213 106
621 413
14 117
472 172
601 145
692 248
861 735
325 84
390 121
451 935
363 211
277 751
45 515
852 885
322 596
435 367
364 319
768 160
690 113
494 974
693 958
788 844
425 726
265 893
675 754
294 156
266 549
486 72
179 528
533 609
165 621
538 201
291 601
230 77
489 197
201 345
21 174
991 806
497 59
599 593
832 994
333 221
387 989
651 184
284 935
525 735
339 436
327 771
970 638
510 399
239 215
132 755
974 30
708 462
301 912
394 50
183 492
573 804
975 624
651 102
581 745
260 427
472 588
18 424
493 202
356 198
928 463
266 298
964 389
747 799
743 46
494 332
901 120
669 120
800 777
964 532
307 811
130 816
755 425
670 322
624 604
911 92
113 217
131 390
42 215
243 874
209 590
594 448
947 872
730 152
839 462
951 816
800 925
681 600
361 479
829 86
423 551
818 711
65 163
985 78
187 806
145 119
626 360
592 280
608 968
710 456
880 483
681 214
19 539
437 872
922 712
689 707
743 400
490 944
505 34
731 796
848 720
188 17
121 404
724 451
980 53
69 242
987 787
550 323
473 685
899 73
376 416
220 112
880 548
362 159
883 595
679 826
277 342
705 411
653 219
969 30
509 205
720 916
936 849
757 423
262 421
227 856
512 896
145 989
369 776
166 949
975 385
852 374
82 48
615 158
401 976
917 504
902 356
903 53
797 594
837 305
897 100
592 636
410 608
745 146
654 904
441 17
538 737
511 811
262 993
665 11
76 267
815 784
671 30
873 135
985 637
893 348
531 713
539 850
461 464
392 297
817 632
345 335
164 821
990 633
536 224
761 855
189 454
484 774
379 56
142 964
794 650
592 87
177 353
612 26
720 560
859 483
325 525
606 856
133 272
503 264
87 713
643 607
477 749
244 648
190 722
675 846
363 266
236 20
240 95
991 388
335 352
770 541
526 59
430 396
602 677
86 498
70 919
87 815
71 362
516 245
302 202
240 829
645 568
114 858
524 703
926 895
871 994
692 581
452 738
469 716
820 592
515 964
101 547
644 736
370 855
657 146
49 362
931 788
714 108
533 552
376 43
378 633
144 465
2 329
404 867
213 969
461 846
427 578
300 204
180 778
884 563
444 915
154 953
525 662
853 889
604 433
220 394
918 975
63 972
615 275
82 689
729 948
1000 332
224 828
884 388
798 128
877 633
803 362
621 604
497 885
439 590
802 78
416 509
768 66
987 118
14 672
241 360
208 127
985 601
259 998
367 905
958 804
116 655
501 647
229 872
123 253
929 34
622 145
623 184
660 950
369 29
243 516
373 637
526 987
400 105
696 898
146 479
790 860
829 698
246 276
856 712
48 901
384 18
617 205
878 345
237 431
865 654
187 870
994 362
446 709
138 666
835 940
806 37
540 977
152 786
616 343
748 844
326 510
576 997
170 666
689 698
887 315
224 463
832 142
162 909
697 980
58 586
207 175
637 866
54 566
365 847
520 970
481 178
102 258
362 215
126 132
634 331
534 255
292 254
701 646
334 337
68 261
758 968
301 137
328 57
138 933
441 510
633 274
193 194
249 537
236 566
292 547
263 226
487 851
289 803
898 415
441 216
686 486
342 296
197 763
225 738
428 449
506 545
252 29
346 86
55 610
942 780
224 550
155 612
492 419
347 416
902 872
147 959
392 225
375 118
679 30
301 73
800 861
194 389
26 692
382 107
901 902
123 41
277 923
189 383
890 476
449 18
468 810
804 908
307 236
899 912
46 514
226 996
796 56
878 740
679 461
493 698
611 491
518 597
99 223
738 444
127 662
865 485
705 156
728 43
636 652
50 107
408 529
653 37
881 51
297 531
838 242
344 594
509 296
383 723
991 912
392 916
689 866
451 371
380 571
316 874
883 404
985 10
63 550
968 438
421 123
953 582
951 87
220 451
64 639
138 474
983 785
842 693
612 547
777 626
621 939
125 188
806 711
376 558
324 726
808 999
826 368
699 994
705 546
99 686
337 869
655 651
90 55
474 150
21 579
78 524
872 125
342 129
859 361
806 304
914 137
356 714
32 467
437 548
41 267
423 593
248 833
890 496
429 660
972 407
749 75
240 165
919 465
632 891
914 226
486 606
307 121
308 678
661 870
227 270
657 211
711 32
844 647
240 637
190 529
672 496
44 819
966 246
507 767
606 153
885 739
348 697
305 842
841 360
110 999
143 810
383 869
991 726
740 854
634 433
664 21
433 238
719 248
328 103
904 545
511 16
762 349
264 783
598 719
837 141
766 317
516 598
844 843
171 975
558 41
82 158
706 868
395 7
204 128
220 48
774 513
650 563
137 988
836 858
339 482
358 386
430 527
197 768
136 743
212 83
12 411
553 22
310 208
958 604
499 153
466 946
589 352
377 849
845 246
367 150
464 159
671 334
489 764
534 594
792 109
646 120
9 350
397 982
364 527
690 233
647 358
739 322
711 563
566 338
493 62
702 306
61 666
280 479
869 291
379 59
591 810
425 183
947 726
532 452
592 231
540 334
406 569
815 343
728 423
925 275
618 775
178 952
169 512
18 81
289 209
683 833
886 840
501 230
692 177
700 644
576 922
494 677
465 829
925 565
696 842
765 822
147 621
732 644
515 950
496 648
278 176
649 572
583 351
676 323
702 352
763 571
529 167
583 492
804 495
555 931
75 733
32 663
241 182
698 985
112 550
206 176
98 521
281 31
409 978
453 505
770 429
499 87
875 720
668 919
188 745
649 418
124 751
140 580
200 167
662 449
330 417
294 246
774 158
409 792
200 389
937 844
314 405
581 561
910 537
949 61
199 434
4 684
963 881
303 496
164 810
40 728
705 730
917 331
145 550
380 372
227 862
115 855
4 962
377 746
998 772
714 747
553 687
764 321
877 222
626 350
726 781
395 677
830 23
383 250
293 206
44 836
635 325
504 961
800 254
586 259
144 882
421 362
244 899
80 676
140 198
838 501
240 858
244 818
583 323
714 62
873 333
314 672
757 124
746 965
654 809
641 585
384 478
633 55
45 993
22 607
149 963
651 257
824 843
822 298
208 657
157 457
763 914
656 296
641 388
860 8
733 822
519 415
724 559
232 293
488 847
340 816
552 632
412 267
849 170
501 983
63 982
985 922
158 92
135 69
842 737
440 289
4 610
885 653
48 358
211 946
159 562
937 680
259 948
132 462
977 159
411 529
622 195
590 285
351 363
6 306
488 267
34 683
678 704
574 817
385 819
99 403
872 145
583 701
180 240
296 493
946 539
731 743
400 443
184 354
187 901
77 553
467 501
216 179
200 972
613 600
909 327
126 741
397 51
669 583
707 806
147 575
10 90
297 368
5 591
814 303
32 995
767 501
645 639
577 345
221 257
35 539
509 438
933 308
793 865
41 900
799 351
267 326
310 312
383 722
365 963
538 215
464 148
931 501
723 62
872 900
980 471
84 524
710 840
569 932
72 204
606 649
388 752
673 582
121 513
893 995
361 18
894 388
774 324
833 920
958 560
229 124
726 426
384 917
78 371
375 823
251 781
252 34
254 656
717 184
40 50
911 184
114 233
642 671
129 624
877 956
13 754
746 409
665 983
514 936
610 513
717 987
43 692
762 708
691 704
600 948
786 212
139 770
736 838
492 68
184 493
203 443
557 980
373 967
28 294
930 838
255 487
240 900
153 531
26 259
335 319
545 613
947 185
567 736
176 619
601 318
381 632
602 993
272 30
224 359
933 674
124 768
297 526
886 344
482 530
301 46
91 885
990 611
883 450
585 811
794 81
870 204
706 869
548 64
73 416
898 179
93 829
991 772
280 838
689 30
102 53
709 211
451 255
432 304
354 385
291 326
718 163
439 838
615 233
965 266
15 535
189 127
898 469
883 145
774 288
171 381
978 135
724 615
543 493
425 268
767 515
205 22
30 67
802 40
768 120
72 341
769 465
744 359
941 563
252 70
532 112
972 847
309 844
837 883
473 384
111 370
132 277
441 727
924 793
364 775
213 462
450 912
177 76
773 44
26 675
43 771
160 37
825 309
352 797
702 109
925 274
194 489
657 924
765 979
237 346
938 911
425 80
617 747
964 959
556 456
992 732
403 360
332 258
765 821
790 498
900 342
499 621
151 76
615 619
300 142
490 296
342 729
899 22
3 109
414 711
995 673
636 693
626 596
37 310
740 843
228 566
641 620
664 699
463 413
818 188
201 134
975 502
44 308
887 778
536 974
948 958
861 491
148 362
370 390
206 32
234 233
229 466
926 328
490 972
231 516
604 34
648 106
572 576
315 745
778 195
727 292
451 913
480 303
699 847
148 63
612 740
8 586
279 995
676 629
860 506
935 488
993 937
176 40
214 187
220 968
816 719
485 508
656 792
354 425
82 888
982 47
307 869
769 584
69 520
795 968
812 554
143 312
249 198
637 501
981 94
533 15
749 18
787 781
705 916
506 223
627 838
948 312
882 516
369 607
887 309
688 981
193 297
359 380
787 940
144 883
793 618
320 920
406 407
670 852
468 212
162 907
679 670
593 857
226 258
762 176
690 181
412 915
948 717
254 332
880 779
774 797
131 813
836 622
50 167
37 934
966 473
948 892
426 822
637 518
893 764
287 39
418 818
770 31
76 826
591 117
310 779
139 244
638 176
970 758
534 479
917 461
955 118
921 10
336 742
448 756
761 297
936 585
754 664
194 591
215 167
436 688
76 623
77 130
943 251
284 636
267 886
342 302
237 956
167 913
708 139
394 383
887 660
896 21
366 19
848 510
695 524
513 653
308 63
130 811
761 781
852 700
368 754
969 888
217 963
270 119
455 73
904 237
246 374
84 405
69 711
273 962
981 575
496 711
422 237
339 705
691 276
928 98
868 388
909 326
83 425
416 677
201 689
493 585
593 923
23 472
547 7
264 505
473 549
312 820
226 183
235 47
383 511
973 929
636 765
801 784
554 568
990 146
405 362
889 207
482 527
966 453
839 585
515 175
918 56
97 428
797 809
50 986
589 647
991 803
780 136
528 177
893 881
340 631
879 706
606 654
793 51
371 91
284 930
376 835
693 522
290 15
550 881
79 443
546 316
57 345
115 463
890 971
685 730
181 248
898 7
494 113
920 72
262 907
247 331
642 977
301 687
929 142
623 28
483 48
171 79
65 960
301 704
837 926
382 75
492 385
460 103
298 70
261 82
285 844
255 930
906 488
601 976
484 764
311 893
632 782
193 70
817 908
412 480
127 501
347 733
289 498
170 318
399 715
283 956
950 787
866 214
577 105
298 410
708 292
956 971
615 582
73 320
231 377
436 300
805 58
498 520
663 204
610 563
922 838
316 473
466 330
163 374
382 846
230 879
558 845
121 224
177 150
457 230
738 337
975 108
649 736
944 752
373 314
345 797
322 968
714 454
129 324
443 164
193 943
750 791
14 861
825 401
441 459
7 492
196 59
101 349
146 784
71 997
922 429
153 760
177 338
310 214
704 621
686 429
376 974
858 478
828 902
63 139
980 825
910 912
406 703
243 573
618 321
864 577
427 861
795 705
225 921
856 977
927 752
53 131
392 187
252 293
39 321
891 70
855 995
239 931
442 912
591 933
905 204
307 38
273 906
573 624
446 703
378 81
218 518
19 459
661 888
297 173
61 92
579 515
563 134
140 333
412 746
198 223
515 811
256 902
194 918
758 39
652 496
283 383
122 461
109 577
165 895
495 728
211 145
904 885
474 805
364 401
611 912
117 199
120 853
447 7
432 369
450 361
435 582
455 891
838 326
10 530
852 509
250 587
309 518
257 235
337 453
409 976
710 774
491 572
590 728
101 309
672 841
413 921
271 623
324 139
760 993
544 798
604 210
290 422
310 813
220 602
993 734
281 714
899 8
470 22
356 104
459 259
688 315
484 854
530 594
802 303
345 168
860 537
700 870
147 94
864 732
459 144
167 163
960 923
30 745
238 780
277 900
77 690
596 678
109 225
920 636
709 786
122 156
964 781
370 806
834 305
912 587
57 664
829 10
575 762
616 489
222 205
190 559
948 607
364 358
296 990
527 602
576 90
528 281
734 187
226 498
245 406
305 993
804 13
720 960
67 571
50 823
137 83
932 425
770 28
664 519
758 975
851 219
279 578
229 275
289 710
586 852
92 13
96 200
596 127
776 772
663 553
921 226
7 69
659 746
287 725
842 668
50 871
651 126
63 615
967 728
313 27
78 277
63 195
891 450
284 748
765 485
345 490
733 583
312 221
846 798
14 241
963 990
105 490
406 810
891 288
730 110
198 712
989 927
294 255
869 377
636 84
592 18
332 492
599 358
86 236
714 525
44 294
402 231
196 412
221 700
26 442
303 970
216 36
308 636
183 608
113 492
689 731
356 832
620 501
370 952
369 715
478 311
151 119
490 353
274 606
740 957
38 90
503 817
809 380
136 914
243 808
663 510
633 209
562 928
799 238
548 46
715 983
384 299
277 16
651 303
121 406
513 258
740 365
789 181
333 217
724 990
963 382
104 138
381 205
110 501
71 913
737 349
314 134
813 224
600 546
945 808
103 512
175 919
694 109
682 685
702 680
523 87
393 894
727 239
30 101
513 93
823 696
772 958
996 220
707 131
989 705
756 764
405 624
228 53
377 981
284 359
717 523
802 484
166 275
38 818
152 657
860 201
557 76
656 865
345 224
739 784
441 693
388 84
7 642
191 353
765 604
142 927
489 833
631 183
63 451
825 713
174 556
344 471
914 31
273 941
972 233
442 876
260 189
338 717
191 583
142 185
843 28
517 467
540 20
157 313
526 35
169 398
577 25
890 64
249 184
502 282
325 243
346 300
519 895
4 472
888 609
945 430
977 473
373 136
268 36
107 468
328 263
550 726
419 80
457 229
331 652
850 372
406 190
282 504
802 755
69 16
374 257
185 755
75 643
573 384
150 179
465 842
282 363
729 642
894 196
141 532
788 561
940 788
978 99
656 483
550 771
257 424
116 243
395 486
256 96
609 310
349 627
673 977
301 597
902 43
293 800
833 747
408 490
837 607
750 336
129 944
587 170
759 514
816 854
981 516
484 44
603 62
894 531
795 704
158 436
498 851
446 499
428 682
892 135
671 449
507 227
753 207
660 781
511 555
649 20
13 385
303 319
252 661
684 989
308 359
727 930
496 207
753 486
557 788
299 556
431 91
342 898
36 553
40 940
540 345
960 717
801 776
338 689
129 570
965 596
597 792
991 384
518 528
170 674
250 148
937 92
424 41
705 168
616 541
100 694
107 484
852 384
93 347
546 991
999 155
247 726
987 883
254 342
456 745
616 827
712 570
13 267
822 547
475 817
935 832
607 487
520 929
536 647
746 793
747 224
892 68
538 13
478 696
304 139
824 946
788 725
789 380
883 337
556 409
442 9
651 375
319 461
656 213
936 623
573 646
479 651
150 441
723 361
580 166
849 323
920 687
137 735
484 226
690 565
530 798
793 260
45 463
376 602
394 345
52 413
366 117
370 72
96 892
65 542
787 339
807 172
649 342
704 903
857 411
146 328
21 632
213 480
948 117
234 845
169 778
556 658
833 307
307 148
398 253
172 670
520 558
363 349
772 89
130 929
960 297
984 223
322 474
160 289
307 434
680 696
553 334
257 665
682 362
938 656
425 963
299 822
122 127
198 56
382 933
97 843
814 278
83 264
476 297
421 760
871 368
453 41
568 619
589 959
759 95
295 820
961 588
589 784
954 511
629 63
794 100
561 311
482 728
710 976
749 886
453 329
201 160
827 212
480 505
776 694
872 939
819 632
270 876
549 431
73 382
737 199
645 988
802 797
710 754
604 401
954 64
917 60
614 30
392 681
909 680
968 124
493 447
974 438
557 246
389 260
798 224
472 710
343 221
882 305
935 313
95 556
189 695
975 520
356 88
820 975
334 181
163 568
149 884
209 298
703 3
560 275
673 84
33 245
256 404
291 610
584 744
150 636
827 660
226 881
602 468
584 631
715 223
950 922
263 311
830 252
328 797
70 817
291 676
323 88
458 352
800 174
348 546
193 324
117 491
559 132
709 535
526 503
819 107
433 484
676 416
911 571
550 457
184 562
899 173
407 1000
473 413
175 380
487 62
791 70
3 778
984 328
322 883
116 897
438 881
300 882
597 644
746 718
656 218
714 416
533 620
666 15
25 445
424 16
84 664
325 338
807 364
503 757
443 267
906 98
350 745
963 111
998 202
266 147
122 469
287 827
435 972
560 55
43 463
25 840
195 152
585 256
938 438
759 904
483 405
266 501
124 385
507 267
231 176
864 968
42 668
856 840
489 703
163 724
534 549
631 483
543 285
489 550
50 12
692 611
894 982
610 685
55 864
697 165
640 278
529 12
347 686
636 232
95 666
109 168
293 417
830 152
874 808
485 869
421 461
148 686
177 970
501 191
563 172
450 591
342 577
606 242
535 274
536 756
222 251
353 120
109 603
706 559
250 339
715 263
817 615
447 944
714 117
917 688
295 764
723 129
961 564
376 20
747 7
344 562
300 229
391 62
712 765
558 191
124 592
842 499
628 32
349 705
522 501
393 703
929 477
90 979
917 116
205 386
816 463
872 641
253 406
552 563
594 434
945 676
289 88
751 248
932 934
168 971
902 10
483 286
928 625
566 167
968 914
181 75
54 459
916 402
475 674
919 845
249 723
657 742
821 27
15 468
74 944
830 459
543 546
855 780
488 326
381 645
863 257
806 163
863 406
352 784
260 3
191 533
717 589
723 752
812 871
541 319
710 414
518 529
598 291
246 98
892 580
855 688
179 147
936 502
773 749
504 792
175 327
359 426
52 562
572 313
221 389
277 403
903 707
728 999
178 504
623 938
666 421
831 941
45 872
430 226
641 609
549 168
54 734
951 324
37 388
477 221
528 477
234 50
491 929
55 32
3 413
524 105
118 576
28 888
460 428
951 106
168 619
928 977
785 748
806 982
827 425
665 54
270 691
979 579
693 497
402 682
440 265
438 276
7 769
51 689
694 965
163 543
898 726
542 25
670 82
584 495
894 416
171 137
228 462
289 326
364 766
593 891
63 284
428 655
918 912
388 45
30 638
894 889
863 394
429 728
826 979
933 216
4 236
743 753
759 985
655 271
14 445
754 502
178 233
922 666
209 939
302 376
804 730
696 451
499 585
202 52
425 851
514 467
454 486
144 20
93 47
538 332
837 176
106 842
88 465
16 94
714 397
383 314
993 82
496 918
25 416
797 834
965 28
292 842
11 930
358 511
964 197
145 920
167 735
262 241
304 7
106 511
115 712
833 944
390 85
680 778
340 828
822 72
851 424
873 32
416 431
309 476
864 813
701 908
243 344
524 928
897 321
59 634
134 173
726 502
11 511
431 734
548 686
53 72
627 367
207 903
29 207
837 840
397 619
178 989
271 182
111 439
39 442
367 537
190 302
212 606
517 219
260 52
28 56
213 116
716 109
442 854
648 149
782 64
821 998
346 518
853 53
247 970
250 90
892 541
895 942
900 790
905 484
451 826
715 397
24 776
521 260
509 433
580 773
887 651
122 259
860 607
303 810
54 612
866 898
978 712
245 455
782 700
404 963
40 417
900 584
705 433
335 234
230 500
870 804
687 502
598 791
547 259
548 40
538 66
171 631
281 219
764 686
780 139
467 264
965 129
180 975
346 499
897 993
720 716
827 96
663 734
347 462
814 862
466 824
728 539
323 961
825 647
516 812
336 340
173 886
263 452
489 378
766 761
733 903
148 456
906 83
963 158
275 192
181 197
509 728
682 570
573 943
371 747
389 392
255 583
428 418
91 248
518 95
261 206
708 889
985 660
893 291
720 167
630 702
886 724
542 480
798 782
213 310
535 873
347 560
726 657
963 730
947 705
397 736
218 271
294 104
591 962
317 457
869 748
728 464
61 805
839 452
696 46
222 478
403 736
26 621
174 669
659 995
730 277
625 201
499 996
545 248
544 81
361 779
303 1000
827 738
648 495
305 201
761 362
541 636
804 189
856 82
808 213
350 348
995 649
444 129
232 903
736 147
861 880
112 337
295 878
504 219
214 922
107 470
491 823
495 170
867 592
118 714
339 139
395 173
26 575
433 764
336 839
974 819
762 457
12 178
491 597
439 889
997 707
979 840
189 902
46 369
177 454
56 357
310 58
58 67
646 704
281 288
335 925
241 452
966 593
829 374
181 455
586 588
290 385
639 612
43 545
426 321
744 476
397 832
332 629
517 607
534 599
385 556
461 377
228 68
102 629
323 360
440 76
865 559
617 140
963 920
820 823
177 787
53 128
721 821
455 236
555 194
833 420
136 212
890 575
982 7
677 635
862 230
864 674
811 493
136 163
262 551
319 722
213 443
565 150
14 391
852 614
523 654
283 165
946 479
564 82
114 739
688 862
818 741
639 527
126 726
571 807
74 373
572 468
792 716
140 328
348 747
679 609
636 578
89 641
184 747
339 73
691 156
909 109
912 159
434 847
937 816
631 590
27 740
693 907
417 640
179 545
572 24
507 704
228 710
799 275
70 341
515 232
5 630
292 855
297 767
672 989
399 566
326 626
183 159
756 195
849 423
595 199
335 960
127 182
528 252
768 651
732 116
515 390
388 692
51 914
31 360
204 299
396 987
254 867
992 344
519 455
850 922
873 75
233 932
626 949
241 401
595 914
890 782
137 302
221 392
817 444
181 61
399 234
845 102
189 514
959 482
636 365
393 5
637 132
432 621
627 402
423 161
68 528
519 956
403 461
355 964
708 960
490 805
888 672
380 369
308 470
350 841
422 106
5 402
373 744
815 385
873 528
694 518
208 800
868 285
873 858
728 392
543 807
967 91
715 130
866 298
518 611
912 240
670 702
178 808
252 921
312 606
294 658
231 301
13 250
841 457
198 62
424 7
980 4
925 901
514 464
877 396
610 9
791 60
867 394
11 630
322 877
126 319
496 568
992 867
540 403
770 104
755 602
735 528
427 535
173 39
140 944
713 114
864 339
24 745
187 119
443 225
857 532
234 166
236 984
55 436
132 283
409 802
146 437
515 482
597 457
542 969
135 397
506 841
358 734
967 876
72 435
733 930
368 858
607 921
137 761
105 205
769 539
287 615
368 937
259 810
333 485
760 879
635 621
90 170
882 190
261 233
501 756
512 57
363 767
453 941
96 742
930 379
403 489
145 354
388 115
544 761
873 611
378 323
711 391
402 83
186 842
635 169
835 443
821 884
179 660
995 33
243 772
69 596
160 464
877 189
551 316
95 128
297 89
8 132
355 70
606 276
454 33
319 409
829 764
248 632
320 5
785 77
662 757
774 979
683 682
334 618
904 813
10 868
840 683
412 604
795 389
444 365
525 20
842 104
735 743
793 868
810 714
460 967
27 684
13 337
771 829
224 190
520 635
671 796
842 330
828 297
576 306
508 493
92 236
629 819
354 967
851 361
375 639
379 632
56 581
292 589
186 456
794 651
357 33
430 727
328 825
590 49
257 355
974 400
613 368
261 299
474 126
994 889
595 586
851 564
17 968
952 349
116 606
669 192
711 581
622 224
971 408
212 466
285 840
351 200
640 377
18 325
146 398
221 842
304 818
812 607
293 698
225 560
717 982
477 529
739 866
976 336
868 326
687 642
190 942
853 246
13 975
35 875
146 176
311 750
153 756
857 28
240 42
333 815
766 875
690 501
682 288
960 386
615 578
852 144
544 193
457 392
312 428
995 648
273 45
289 808
912 180
605 473
18 555
567 479
757 142
482 956
395 172
112 995
914 640
348 68
210 101
504 442
253 193
954 292
438 125
335 651
955 178
426 556
813 176
33 646
258 651
988 954
992 445
486 427
494 7
896 179
401 747
589 282
343 172
298 885
621 905
142 514
586 732
646 114
601 741
928 627
531 718
470 14
492 594
698 357
151 673
613 118
81 301
262 762
922 943
848 73
276 930
616 53
744 10
502 782
416 329
267 737
901 98
209 530
655 23
605 968
647 275
659 80
473 165
978 670
934 490
391 490
976 316
748 976
964 789
218 403
511 778
493 747
114 736
891 952
583 934
403 620
282 871
999 950
55 905
305 654
268 278
623 112
389 722
715 755
767 315
572 315
335 399
357 707
139 400
321 597
984 403
514 380
418 585
680 908
614 565
482 576
546 845
837 218
514 239
388 233
71 534
565 972
594 961
903 483
858 890
370 560
853 913
107 723
110 598
384 278
922 282
816 297
176 72
49 222
55 448
257 393
884 168
760 118
153 328
409 758
564 814
871 866
512 641
395 263
659 722
552 642
347 14
699 213
26 656
872 767
858 446
586 609
73 562
223 681
24 74
123 325
821 347
123 108
407 715
555 259
371 674
815 829
566 129
915 98
588 344
190 4
568 244
838 912
921 993
57 849
887 125
264 21
207 708
658 445
52 988
968 765
199 95
626 457
863 18
304 945
657 883
477 520
91 751
847 896
412 546
654 32
718 919
254 521
369 594
260 775
343 854
490 742
515 779
917 931
174 948
377 40
72 538
326 147
473 637
157 927
684 591
434 381
503 809
792 205
625 579
18 627
992 842
640 806
297 568
634 499
46 93
379 896
456 407
993 512
477 319
524 952
504 387
827 233
577 514
402 82
689 200
926 655
35 42
719 988
899 992
116 135
392 733
308 464
126 895
585 408
608 87
789 14
354 915
996 454
232 398
48 62
124 265
766 168
857 11
77 189
388 568
559 869
865 49
802 250
9 874
665 306
993 653
781 912
677 847
955 585
337 882
419 788
351 337
427 257
1000 93
255 259
894 953
829 614
523 491
851 998
877 922
240 289
665 878
518 549
388 3
798 501
623 443
403 710
868 306
209 747
85 40
178 890
198 377
570 676
826 778
477 814
728 253
313 775
868 385
869 936
47 23
986 596
678 134
992 665
45 635
961 146
528 603
27 49
175 136
692 998
987 926
416 553
292 468
793 585
41 236
481 501
120 691
282 206
672 346
377 196
931 759
255 47
365 667
975 230
80 789
83 406
249 898
140 119
141 266
142 593
687 259
853 631
50 836
322 993
953 877
790 8
98 600
390 378
911 414
653 256
713 109
783 909
606 736
811 648
416 557
315 473
758 559
729 731
570 337
450 344
771 986
23 633
580 362
963 354
965 272
162 479
642 853
685 913
387 850
444 769
985 847
106 352
152 72
945 701
52 417
162 161
475 810
169 651
206 686
694 899
346 53
4 723
481 794
171 66
907 726
285 214
324 620
446 148
298 67
428 706
178 685
130 776
493 996
864 664
683 188
955 819
462 865
963 732
878 425
357 764
920 521
162 367
145 222
74 716
510 477
577 243
170 315
498 668
799 852
361 888
71 233
933 158
91 727
437 975
540 16
351 281
326 809
402 489
810 506
601 407
529 402
742 602
993 492
202 74
663 203
539 89
758 79
540 310
232 905
528 726
519 904
405 700
461 576
196 755
418 661
861 255
275 772
771 139
11 867
596 124
430 820
474 620
220 152
438 195
700 146
997 624
980 386
809 689
629 869
409 872
504 298
966 708
219 833
832 568
745 265
751 295
128 191
750 127
813 546
98 817
734 896
84 861
176 139
91 56
385 935
647 441
190 444
266 404
363 920
660 68
42 383
618 330
855 43
90 99
613 781
241 213
683 506
920 984
207 968
567 55
446 100
159 641
273 722
846 965
376 110
423 780
852 642
337 715
545 110
503 226
414 593
623 285
769 614
274 60
185 549
250 651
941 864
636 152
673 386
612 836
659 83
556 646
65 114
565 261
126 837
933 801
745 236
781 493
213 155
621 238
148 990
184 399
921 730
724 265
878 324
799 152
602 685
71 354
273 175
93 294
353 153
5 624
724 376
762 55
201 989
532 775
257 595
380 506
463 69
504 138
618 804
359 52
589 919
201 942
455 993
573 222
386 232
387 321
598 627
303 605
441 508
718 628
426 616
628 353
25 122
851 194
836 790
847 182
957 946
372 214
618 874
896 370
137 626
661 787
487 916
38 690
315 751
449 593
67 414
432 769
250 7
569 704
517 544
574 595
741 450
530 685
418 351
314 412
680 762
780 657
342 486
753 397
350 557
795 672
884 822
662 276
621 654
416 211
500 648
199 312
66 111
820 132
821 237
18 138
751 876
796 445
303 223
569 237
365 370
938 986
521 114
848 917
791 789
307 9
535 625
924 392
339 664
800 134
340 199
892 500
193 320
387 14
739 387
240 896
887 672
780 350
175 356
677 34
588 707
348 888
157 926
800 467
443 741
382 139
991 535
10 896
752 956
818 203
286 589
179 575
122 2
597 605
671 826
84 640
495 846
266 872
802 934
768 762
641 364
418 959
495 191
998 448
215 204
888 200
797 530
393 756
391 801
160 729
489 387
879 394
419 424
458 805
737 764
833 727
707 170
121 825
872 330
364 575
181 31
608 293
938 378
149 497
291 867
938 944
555 255
901 391
977 801
483 168
636 482
854 425
199 284
312 960
964 584
333 551
556 924
842 81
464 553
504 518
377 160
363 317
623 555
860 176
705 74
887 358
184 583
867 202
300 697
853 660
320 7
987 913
681 114
773 546
876 283
552 225
148 756
365 666
466 445
247 666
430 174
88 589
606 967
974 939
850 397
140 967
987 556
179 539
353 568
130 173
176 688
757 458
421 536
872 892
27 607
694 469
514 71
594 793
166 902
867 791
382 545
174 397
366 328
620 965
380 674
716 772
474 683
232 505
93 756
646 874
479 719
782 515
319 150
67 457
343 12
200 230
189 870
211 998
68 805
217 613
90 797
961 806
95 524
684 223
711 694
214 138
826 376
433 926
12 819
200 714
882 51
556 816
761 834
526 1000
214 84
803 836
137 215
89 238
252 654
810 54
451 362
26 761
812 1000
961 418
857 241
740 282
155 388
985 85
957 7
231 486
178 238
236 440
147 601
528 696
247 600
930 944
883 828
420 6
295 922
949 573
965 814
359 19
799 963
602 849
867 452
45 768
348 983
405 392
392 801
129 350
917 301
404 848
98 637
780 844
64 693
136 770
727 586
230 102
31 83
841 963
73 425
606 733
385 101
689 23
48 153
913 287
381 123
399 588
963 369
408 49
462 484
889 952
485 13
380 821
181 221
419 403
438 413
573 750
778 214
120 362
682 468
94 910
668 681
929 307
893 226
877 541
16 756
773 482
722 266
100 394
214 150
843 610
543 63
612 301
189 620
626 518
247 474
587 537
535 225
281 786
48 515
982 26
820 161
547 555
218 383
935 176
848 218
901 96
137 243
1000 293
48 914
722 846
706 75
230 789
252 513
492 16
458 128
829 399
237 454
354 81
9 666
28 146
47 182
70 893
164 498
459 822
117 318
113 493
452 565
325 833
182 714
52 694
810 479
630 244
320 79
486 860
566 944
554 984
114 851
614 600
135 593
487 144
561 239
984 405
892 806
834 391
329 96
476 241
439 511
975 217
903 588
746 755
607 482
754 914
576 94
707 740
844 871
573 447
996 718
33 582
329 213
715 914
721 593
538 953
500 55
489 21
917 35
276 413
302 760
704 464
483 755
983 806
953 168
699 215
684 385
522 356
300 378
16 577
421 296
404 424
336 430
661 256
534 630
439 758
177 631
834 724
797 448
845 101
342 487
364 619
716 272
219 360
479 842
651 647
547 630
717 186
989 949
69 230
502 872
15 165
492 342
711 651
707 269
513 580
109 219
259 284
186 804
874 989
485 808
179 469
298 461
523 828
285 705
662 637
57 674
97 989
957 79
889 361
579 741
118 861
92 592
495 661
847 672
424 10
942 332
410 37
763 497
131 901
100 756
80 811
466 268
139 446
505 338
549 231
469 685
421 628
316 270
409 148
407 673
76 930
202 357
222 608
280 743
807 99
727 669
547 363
750 870
687 260
236 580
940 842
267 48
509 125
205 356
318 605
304 59
358 322
417 692
399 388
279 830
357 10
855 287
762 306
805 969
23 865
590 984
497 959
561 314
225 648
233 540
730 679
108 791
169 685
759 592
595 947
211 954
587 963
178 628
474 8
521 465
725 593
997 220
994 946
811 8
406 812
575 911
53 197
327 490
644 440
648 955
134 398
657 563
622 44
852 337
739 843
481 591
298 143
942 940
236 183
657 527
188 919
57 988
130 940
919 452
422 228
136 461
445 93
446 750
65 174
291 683
38 468
125 647
652 592
377 488
909 383
549 808
517 266
4 339
758 502
687 752
616 459
470 521
959 569
306 103
385 122
294 524
84 80
502 419
554 912
645 615
206 423
207 138
120 804
642 495
292 180
847 474
101 516
727 816
853 629
141 409
914 667
24 601
885 132
763 32
997 683
10 423
908 332
513 260
880 667
662 167
542 921
11 83
304 39
710 723
955 201
254 815
737 343
426 454
244 321
544 372
414 191
295 232
6 101
134 46
561 786
324 328
492 730
328 651
194 844
825 982
807 226
927 167
81 454
815 759
119 266
747 777
399 92
759 346
281 821
713 794
843 679
471 638
5 70
321 145
543 986
913 437
190 666
165 256
757 678
136 26
670 475
578 951
217 81
181 566
221 617
131 257
978 868
189 11
35 765
477 816
408 809
27 65
654 30
972 393
397 79
164 302
202 249
790 494
188 436
658 820
507 758
112 198
244 963
573 452
192 174
121 120
183 864
240 940
126 578
771 141
511 292
205 633
741 903
499 292
891 744
732 846
257 527
903 265
714 336
918 846
774 130
177 506
819 951
306 734
328 122
366 918
58 79
96 246
69 327
150 407
797 552
428 205
212 773
258 524
8 967
318 740
998 378
160 514
129 793
133 817
742 895
125 855
467 999
578 603
861 774
307 627
775 420
445 961
707 498
670 138
878 105
242 247
260 490
816 682
912 809
267 738
863 268
351 56
365 658
964 641
463 272
327 67
493 855
398 348
691 292
123 422
970 469
40 914
225 893
26 589
152 768
909 310
982 340
791 822
814 397
31 621
382 947
53 753
112 147
904 587
648 399
615 611
100 700
142 892
624 62
786 357
74 83
499 738
562 508
211 150
505 437
895 64
577 736
365 865
690 24
549 339
73 106
662 914
644 633
118 554
50 778
269 748
182 311
130 146
386 264
336 611
452 25
895 311
681 517
149 39
810 931
851 181
672 832
729 785
238 179
285 344
694 188
788 305
862 870
1000 409
522 357
263 257
565 111
849 214
43 155
885 688
929 222
548 544
254 577
256 352
422 317
647 300
907 643
507 423
947 665
203 942
75 479
428 757
838 772
855 190
930 339
531 982
80 194
928 368
485 629
472 812
968 657
536 885
132 128
246 354
724 810
14 100
109 218
290 980
458 338
847 796
1000 657
311 723
386 646
37 493
992 379
41 100
922 743
687 933
688 973
199 118
670 717
912 465
161 835
18 844
827 558
5 594
645 104
143 964
383 451
24 928
541 721
525 236
122 347
123 910
567 593
753 523
455 967
723 207
504 23
676 255
515 187
793 829
813 322
462 144
245 256
909 879
14 877
435 728
443 229
462 3
428 119
266 790
983 999
397 399
979 772
709 147
125 76
290 227
220 352
257 490
336 365
153 297
361 206
215 191
146 994
148 116
336 508
63 891
814 545
138 14
342 294
966 812
695 358
856 882
879 106
699 976
846 865
677 733
345 284
756 534
540 587
371 560
651 674
105 636
97 915
147 899
574 830
172 726
244 550
929 949
470 279
352 878
369 128
151 968
1000 382
74 727
56 438
330 829
352 989
722 791
653 663
302 447
673 313
322 393
144 937
454 138
458 217
683 896
365 391
412 698
752 173
437 793
791 894
946 197
801 775
197 333
249 232
490 360
736 512
862 448
81 701
278 113
950 457
836 571
322 845
1 412
547 441
516 612
317 695
102 183
818 380
33 924
415 222
733 79
440 906
811 653
244 428
120 114
319 434
223 790
918 786
119 705
120 225
71 272
621 895
769 34
515 450
997 908
724 596
980 702
305 450
513 37
931 274
128 69
497 858
812 23
869 194
530 864
42 646
907 378
110 73
169 537
721 100
48 650
466 736
418 500
259 552
812 708
411 869
48 537
782 404
407 809
597 411
291 781
485 653
15 156
471 390
458 283
479 419
317 452
563 404
641 969
105 890
624 678
237 365
667 370
192 786
411 48
529 373
353 68
143 745
718 931
807 694
246 116
49 520
601 107
857 913
17 42
630 895
329 360
383 165
882 580
120 611
261 904
487 203
948 623
352 694
983 442
173 312
157 979
434 932
879 810
753 578
849 771
386 3
478 421
942 500
26 962
286 632
178 417
351 718
638 526
373 258
304 279
430 827
657 277
822 713
804 76
533 906
258 497
707 667
585 123
163 45
814 780
49 182
659 845
54 897
443 314
591 218
318 538
158 995
290 43
667 778
58 63
756 394
745 574
822 53
807 419
366 241
774 168
996 360
246 859
618 294
301 634
711 775
656 535
122 162
141 977
254 554
954 868
229 232
464 266
251 800
257 336
659 265
398 351
937 751
310 635
400 909
261 45
263 595
583 606
342 72
164 824
221 825
646 144
541 102
571 259
458 428
759 430
616 72
65 198
483 115
446 325
195 583
252 684
513 638
381 880
388 38
298 324
433 747
514 820
753 34
403 515
670 583
675 891
770 605
329 443
917 794
632 759
905 470
943 106
718 814
277 556
350 402
279 114
212 87
505 459
287 391
36 901
239 894
421 717
210 656
874 443
729 340
808 69
504 699
240 647
295 777
334 721
233 450
106 848
527 702
272 130
851 386
438 819
941 168
689 855
430 855
343 754
365 898
921 132
436 586
387 608
212 273
157 586
529 959
948 903
127 589
883 342
223 985
371 106
286 134
190 770
7 89
300 485
945 792
417 199
974 93
455 399
500 556
690 556
358 646
863 943
55 738
155 996
357 502
531 641
788 16
863 572
699 951
867 929
152 306
450 720
726 492
694 449
131 176
974 693
609 934
276 979
302 262
414 545
312 39
910 257
568 216
161 262
125 717
919 342
578 497
726 57
752 420
659 112
403 686
631 116
78 876
854 486
468 904
611 504
631 997
839 24
697 519
899 863
724 296
118 75
417 980
749 349
252 773
398 913
42 518
629 373
26 320
62 514
357 658
653 933
195 89
273 281
93 473
258 111
666 272
390 830
634 396
980 112
106 805
692 556
629 407
97 46
206 504
830 662
49 387
283 450
503 986
257 560
719 186
410 372
818 345
395 232
949 641
633 174
85 971
871 544
488 923
61 757
386 412
6 861
79 313
542 931
564 927
600 592
463 166
456 200
719 841
723 266
720 333
637 464
882 473
685 826
851 430
910 929
822 253
897 298
717 489
973 127
502 569
674 60
752 772
824 401
846 870
722 464
454 719
110 29
600 34
886 706
759 368
105 611
158 503
198 704
381 726
424 541
333 595
246 983
708 545
431 314
997 165
694 628
218 309
810 81
39 257
818 580
714 565
967 165
327 10
644 216
147 864
131 295
478 114
355 197
265 685
673 312
756 415
934 674
345 185
187 524
938 844
460 568
208 545
877 329
383 128
274 692
575 518
411 373
340 85
503 747
72 683
531 420
793 589
123 572
628 535
304 413
362 175
325 57
399 806
780 394
595 311
465 686
413 646
148 469
520 608
6 543
444 584
671 795
230 121
505 590
887 939
981 700
478 891
637 658
68 243
847 37
371 34
634 612
444 506
71 905
183 371
646 873
538 878
284 554
234 441
896 172
286 397
834 632
622 395
336 104
651 995
47 746
798 86
930 182
492 619
440 438
654 518
596 913
462 587
622 229
767 155
932 879
259 685
226 714
855 865
677 577
18 190
773 62
761 816
838 988
752 413
18 209
882 784
643 748
531 117
255 651
766 444
127 255
672 45
783 267
679 490
386 847
302 331
910 138
161 921
36 787
610 232
311 833
852 157
197 288
217 482
115 234
187 758
294 558
192 160
448 218
13 398
384 249
151 256
905 740
451 570
749 533
206 304
527 714
624 321
456 467
590 602
202 699
735 599
847 41
706 891
736 36
605 103
291 483
275 998
612 773
719 995
660 504
64 551
157 534
874 24
358 441
56 759
400 537
76 714
521 851
387 805
427 880
357 255
30 175
68 102
713 367
931 160
989 490
564 887
977 418
501 996
941 263
376 983
214 459
50 680
884 375
945 733
824 474
592 662
262 876
618 694
697 189
751 629
741 140
742 607
85 424
359 825
881 313
899 678
762 524
691 520
104 238
216 424
610 584
762 639
930 559
588 23
347 643
666 889
688 709
902 484
730 522
365 283
331 151
60 335
744 440
647 799
45 558
691 452
841 471
624 929
231 268
770 973
737 646
165 917
717 680
645 411
463 208
531 476
1 689
247 686
69 218
306 188
594 555
866 836
371 478
867 485
136 963
585 820
168 308
331 672
957 748
462 186
524 913
499 620
17 830
173 403
250 707
396 755
814 611
864 75
945 910
451 197
471 158
239 162
314 215
524 704
518 194
200 210
534 299
628 367
976 947
854 689
798 140
105 219
682 621
115 398
432 916
548 546
146 670
974 380
405 591
299 68
372 662
636 363
543 745
185 429
782 797
962 143
468 580
205 989
56 190
596 824
835 308
147 982
169 882
77 681
213 89
678 957
875 431
114 686
282 930
429 721
639 600
696 236
273 470
38 431
757 525
829 400
387 229
795 224
326 490
865 612
29 32
986 748
588 872
205 844
939 734
154 442
192 121
780 346
625 501
828 78
27 809
213 526
638 443
589 951
519 972
5 882
61 458
358 841
746 722
914 690
366 643
335 140
29 246
286 448
508 592
326 633
742 505
899 311
215 347
56 704
456 122
20 859
917 467
223 828
41 704
153 446
851 339
600 593
505 915
180 609
641 401
236 869
737 328
717 163
712 26
90 914
953 272
59 661
924 663
15 710
69 879
419 573
224 579
775 200
997 72
392 366
366 274
489 673
462 828
759 764
164 994
816 385
650 133
469 96
798 789
216 497
811 410
5 111
792 821
21 984
544 767
66 79
963 743
213 396
631 249
839 328
566 384
623 337
703 233
28 55
146 70
60 384
832 425
247 850
602 335
820 442
704 850
456 877
151 168
119 846
959 593
598 243
430 353
714 788
28 33
916 772
28 324
476 406
362 216
773 558
62 575
766 595
434 958
363 434
2 218
738 208
904 674
62 654
344 943
806 240
58 741
277 325
188 864
154 176
202 578
448 925
432 306
303 529
586 159
658 512
516 614
334 441
281 51
210 123
581 152
859 618
92 227
385 29
849 592
352 232
978 116
851 254
780 130
328 65
537 403
21 34
354 961
525 686
530 956
159 340
211 637
506 887
840 75
785 830
971 803
37 921
458 837
136 396
877 710
327 677
61 537
775 445
213 334
821 15
825 68
971 39
66 749
154 491
613 941
25 652
997 334
356 346
178 678
506 299
547 563
700 807
369 209
939 205
523 522
156 209
701 459
646 468
575 502
796 481
835 413
213 17
749 63
571 931
308 315
791 702
188 337
815 308
950 794
377 280
855 567
568 495
37 84
134 108
541 452
31 650
179 191
622 657
588 801
494 772
338 484
856 394
364 272
524 648
417 962
504 883
726 546
657 489
676 339
15 667
477 931
166 629
558 859
852 124
214 925
529 183
804 511
953 803
348 979
26 91
373 256
943 916
287 80
681 669
261 693
337 471
944 377
652 10
289 532
255 87
410 432
211 315
60 71
428 200
581 926
710 562
253 61
132 708
538 835
686 443
319 182
376 984
30 63
720 461
149 439
120 477
547 864
275 421
349 876
275 439
746 384
674 101
17 942
713 729
492 584
988 581
425 385
831 9
372 802
859 208
401 408
350 965
905 24
673 20
912 812
657 547
833 302
686 998
322 301
765 631
877 93
569 212
474 240
511 675
351 593
648 197
812 968
468 886
293 77
369 991
960 710
578 141
799 823
212 371
231 433
838 731
913 176
677 215
596 473
134 774
247 907
567 680
277 554
210 767
265 966
196 574
236 303
827 796
946 26
586 501
828 51
774 812
352 451
741 855
23 248
795 323
814 221
727 772
654 394
838 167
179 550
76 954
918 15
537 729
919 929
28 705
162 719
414 569
10 491
652 46
546 553
103 65
244 231
6 887
559 617
603 681
424 569
510 353
538 820
703 594
941 473
524 327
855 484
587 842
550 58
367 190
404 436
261 365
65 612
581 660
323 188
848 269
167 119
371 680
851 754
289 603
232 98
215 875
642 683
152 675
996 108
264 829
411 702
907 911
507 41
327 258
221 795
368 753
955 769
207 856
137 884
293 281
617 482
946 664
251 44
568 218
826 542
834 362
121 453
27 383
924 231
374 170
968 739
147 838
260 239
818 561
502 14
985 96
221 686
661 817
922 627
26 428
687 817
11 230
252 912
456 961
498 994
717 762
520 10
493 871
670 816
396 253
269 73
588 873
866 7
344 649
67 886
891 696
761 687
398 518
19 719
95 472
499 707
562 415
297 546
316 266
889 56
373 343
67 916
378 575
487 499
25 424
837 73
861 83
167 582
667 902
758 299
699 41
257 126
370 417
666 210
617 864
375 656
304 63
716 876
399 384
555 566
738 736
781 416
817 247
285 313
638 921
241 549
516 967
85 668
289 943
677 767
382 105
707 145
746 329
354 638
595 548
891 333
449 338
604 942
74 865
300 608
812 739
769 9
959 156
172 578
854 418
219 254
802 329
787 487
379 570
367 545
43 823
725 703
485 662
624 558
877 916
34 558
455 66
238 822
169 877
8 429
528 804
47 788
329 535
174 649
137 679
123 355
730 313
958 265
32 785
450 608
307 409
700 320
972 477
65 719
771 753
895 807
168 607
550 687
644 911
593 801
581 468
840 722
657 12
783 580
187 349
278 116
961 950
780 462
487 390
642 491
24 558
461 551
723 236
733 964
490 9
590 636
592 728
124 982
106 57
948 970
163 50
367 186
171 623
758 545
997 727
210 11
234 133
200 13
533 853
326 701
55 401
21 33
809 73
712 936
840 253
769 39
842 599
384 67
565 597
516 949
567 491
536 325
366 216
21 259
371 834
11 309
471 423
590 171
739 687
688 159
906 42
431 533
488 437
642 736
756 710
557 499
321 331
543 672
986 79
470 84
418 499
310 525
575 19
808 754
240 500
773 60
226 699
482 273
449 88
804 838
548 936
398 19
773 77
702 125
425 215
448 777
619 705
857 244
435 10
454 858
293 424
776 78
740 263
192 789
377 287
427 229
94 156
106 566
86 480
622 662
36 797
438 665
518 957
134 310
800 306
715 417
130 505
956 77
463 111
636 677
418 572
364 416
644 754
853 676
819 364
412 814
932 53
382 196
40 389
425 589
980 281
638 277
272 296
240 636
225 264
172 273
505 616
219 982
132 935
871 230
795 629
396 600
20 796
148 201
21 69
333 243
536 205
301 853
765 208
513 149
626 566
737 375
856 581
868 719
371 945
842 730
664 150
875 957
828 921
210 416
507 302
215 977
458 870
7 933
708 822
843 537
419 837
459 272
997 583
280 445
409 20
872 55
845 307
472 933
659 379
933 632
536 238
665 949
355 976
981 876
685 180
735 317
609 889
27 402
651 636
251 240
482 420
523 646
294 495
231 432
291 615
865 606
538 77
895 263
264 301
943 119
752 232
736 749
383 90
293 218
259 82
392 879
62 613
305 784
278 77
357 841
689 618
467 4
998 969
268 115
296 892
304 423
523 640
846 418
862 302
610 351
404 898
794 22
980 317
728 782
936 827
96 72
360 530
906 735
999 448
767 868
128 883
202 556
918 878
901 272
121 596
358 347
766 36
506 829
290 34
586 537
989 460
737 403
849 452
606 404
724 655
343 51
110 298
630 941
901 651
993 634
831 334
725 983
997 82
102 702
189 538
357 229
691 840
449 373
506 654
731 91
310 602
151 706
246 580
851 313
375 96
359 863
444 736
161 426
455 200
536 202
740 106
134 423
288 19
458 463
477 545
958 48
9 991
49 794
599 294
47 294
627 553
846 709
557 878
835 596
375 311
839 388
397 433
291 690
238 629
97 615
559 200
479 373
706 475
231 582
563 382
819 232
88 926
804 636
348 592
990 899
72 469
277 732
867 212
407 105
800 267
253 749
415 674
161 839
3 36
991 383
593 964
279 147
197 550
137 756
841 322
89 741
491 201
734 23
257 945
373 165
528 276
326 805
760 477
813 301
837 167
529 894
992 315
913 735
353 778
282 262
837 72
278 216
895 326
71 640
117 416
771 415
376 196
619 384
361 400
551 735
219 798
300 282
828 652
4 502
634 591
194 720
547 76
180 611
396 608
436 533
897 13
555 553
884 139
63 790
103 529
258 211
806 890
698 83
405 911
561 233
584 86
903 737
15 704
966 800
113 738
583 162
940 139
410 934
159 545
636 316
593 41
246 561
949 100
74 126
272 986
66 474
748 738
706 526
682 240
683 73
21 930
363 533
125 750
708 691
62 663
970 390
990 861
518 692
425 11
578 67
942 544
705 637
805 170
986 940
74 290
231 4
830 885
279 312
619 514
476 240
828 29
936 296
919 161
153 514
540 584
65 350
691 62
735 969
738 127
520 182
5 946
878 246
670 956
583 133
453 96
861 867
553 178
244 795
409 202
782 645
987 693
202 307
775 580
231 956
562 106
625 753
510 77
487 359
552 404
382 395
37 724
581 23
548 160
841 954
823 126
220 465
66 32
405 193
309 357
366 878
223 675
224 771
430 735
345 561
107 958
663 951
375 917
110 226
384 866
459 486
315 922
579 441
483 492
546 18
358 988
273 606
834 793
742 950
484 898
655 869
215 786
988 530
132 294
316 587
959 179
584 703
638 630
877 998
66 83
62 50
997 477
560 190
160 22
948 55
976 328
703 271
772 286
543 854
326 278
592 376
297 44
603 191
916 939
630 371
743 821
286 819
910 137
662 574
919 197
866 608
815 20
783 554
718 833
311 309
683 654
614 694
960 9
796 935
709 642
748 424
732 549
895 171
143 824
302 753
289 490
980 171
214 915
303 582
575 285
458 342
221 89
701 879
23 839
634 306
932 389
662 122
679 952
82 144
463 317
675 509
435 949
336 523
543 178
103 379
675 74
894 66
22 633
107 611
590 891
646 697
224 944
153 372
980 623
698 152
94 993
755 937
737 374
24 455
6 171
579 375
234 408
590 21
84 290
668 679
688 45
10 9
52 396
548 521
792 234
976 135
315 791
836 52
90 29
904 972
94 573
864 716
706 163
427 334
708 981
290 602
420 541
877 374
60 612
612 9
406 600
906 432
748 953
511 685
807 880
242 466
448 381
285 582
252 543
532 441
799 817
412 335
71 202
678 118
438 715
899 871
826 973
442 646
408 778
460 579
706 359
434 64
363 136
143 638
221 362
277 552
793 322
670 869
892 717
53 666
571 540
734 56
58 953
938 549
465 969
965 780
37 313
413 829
227 903
410 237
892 915
383 487
814 946
849 764
222 910
690 484
358 126
201 177
148 392
276 325
168 454
831 693
903 360
373 403
555 703
721 587
205 378
851 184
488 818
988 43
419 292
827 419
663 537
647 244
79 470
797 519
444 849
712 993
153 934
560 181
962 633
500 552
987 843
820 591
930 27
270 552
570 114
312 350
3 835
300 263
786 570
533 470
994 825
112 286
719 516
405 588
851 756
945 591
105 506
677 804
329 910
35 390
466 320
609 954
815 682
47 540
692 295
15 50
57 232
171 125
459 140
830 493
726 194
199 198
469 571
669 930
144 563
234 963
678 944
847 795
28 93
765 906
344 410
700 719
460 528
388 309
47 80
585 665
657 772
929 639
326 489
843 209
94 85
373 898
908 915
456 594
737 679
808 907
390 997
850 439
537 632
648 319
696 886
842 125
473 758
233 418
435 686
584 353
477 311
359 187
264 989
529 782
823 228
246 738
449 891
987 487
92 1
442 48
923 675
603 695
361 32
423 312
107 981
56 545
717 276
384 1000
385 321
8 900
707 770
229 74
121 849
929 268
390 342
676 49
203 611
542 208
696 736
353 793
402 791
220 562
766 201
85 508
637 191
105 470
649 383
134 497
816 664
540 170
855 857
858 47
217 861
475 358
479 2
848 9
706 26
299 720
346 669
170 335
274 859
118 137
28 161
764 379
13 819
312 660
666 559
614 937
649 827
431 149
911 671
473 903
610 192
577 9
653 884
235 909
342 675
239 845
39 833
979 399
356 987
213 958
309 831
59 296
790 711
649 614
615 823
227 590
504 201
321 533
362 171
895 7
509 328
259 285
603 836
451 467
166 814
211 435
935 914
45 72
819 929
475 151
521 827
663 720
745 277
232 480
382 362
3 765
650 352
45 362
194 932
68 925
287 701
436 665
510 526
918 625
479 581
461 250
671 347
674 493
359 89
474 71
699 898
574 530
846 215
349 773
8 527
564 524
195 419
252 48
604 797
18 408
492 615
805 699
38 991
259 926
190 234
952 469
290 708
702 257
513 740
797 164
962 570
952 51
181 655
330 715
422 171
725 450
251 352
53 453
169 216
888 800
744 836
28 133
985 94
255 260
772 4
98 65
593 945
208 327
527 786
252 986
532 644
934 816
682 297
701 27
505 50
503 715
72 715
179 141
236 454
808 223
496 667
64 127
942 398
13 394
396 22
79 953
755 84
562 421
466 462
818 59
602 866
288 742
879 934
325 426
940 889
832 786
615 57
768 522
466 111
989 196
811 748
684 374
842 486
244 316
63 984
603 767
82 322
450 318
103 600
569 684
328 862
661 132
580 84
267 941
345 445
769 291
595 625
655 971
696 664
733 624
915 886
186 582
117 850
371 638
744 228
797 102
973 741
358 840
920 847
192 550
912 815
526 340
159 798
773 30
579 835
228 307
583 891
90 316
643 574
270 360
574 74
591 936
939 443
798 916
251 355
181 532
554 30
536 573
795 792
338 677
598 207
422 80
674 663
37 117
826 970
616 506
625 578
268 271
325 842
183 700
493 516
190 572
984 493
997 273
571 543
667 224
905 699
528 298
305 871
412 925
408 428
736 461
329 105
238 234
46 78
340 367
69 87
842 169
3 291
699 288
763 697
346 901
841 23
607 632
934 909
206 131
942 247
728 703
533 794
702 931
626 673
210 209
284 840
451 201
743 918
560 807
44 72
488 361
875 606
966 939
661 55
936 746
370 154
500 553
512 265
34 69
267 397
863 938
989 635
280 253
983 29
684 158
8 711
389 54
157 58
87 185
34 807
707 676
371 602
817 660
450 87
397 636
427 429
800 833
598 803
469 90
342 216
33 917
757 759
811 451
761 748
632 740
463 636
815 395
411 977
998 823
895 601
215 571
950 906
147 843
520 303
521 122
943 311
798 622
195 951
397 431
878 728
181 616
866 288
479 375
134 854
899 834
442 667
694 573
141 59
605 630
786 304
214 674
370 905
353 189
170 541
889 483
192 125
728 95
819 392
264 280
253 604
182 600
899 96
153 838
447 876
304 502
265 880
948 723
99 383
404 561
6 677
724 122
391 341
603 891
602 858
917 765
24 282
392 1000
665 780
750 873
344 757
275 949
628 333
159 239
715 951
59 971
331 942
372 306
104 688
232 389
339 427
316 773
723 447
797 746
689 417
945 831
105 42
302 464
64 769
48 390
837 650
531 563
85 522
582 726
470 220
753 464
950 298
399 208
113 881
96 513
404 314
815 728
716 307
123 296
21 575
235 818
181 825
437 687
507 167
554 436
406 513
8 80
282 531
344 456
273 956
349 604
498 625
118 142
467 256
467 386
990 978
233 984
460 565
482 221
445 455
249 318
984 135
770 831
369 629
64 229
66 527
749 266
195 106
236 483
793 592
83 304
710 255
184 685
743 381
266 579
452 810
269 844
888 11
738 351
157 747
656 214
819 642
895 407
1 263
863 239
921 214
478 749
304 240
747 164
592 715
997 831
337 376
409 923
410 452
375 910
628 464
332 565
409 772
211 656
675 33
55 259
257 456
82 351
730 531
7 870
517 735
498 495
635 658
410 777
929 303
347 254
755 237
369 282
344 254
357 265
30 481
252 49
109 344
646 31
156 271
158 325
479 819
717 234
954 684
636 30
322 182
902 983
738 952
29 345
801 160
47 257
325 674
217 41
90 345
751 684
341 958
995 246
728 475
330 859
661 773
80 430
118 234
620 296
285 529
539 306
478 226
722 900
286 817
851 686
993 477
348 538
994 4
445 348
426 950
912 287
571 754
991 689
848 705
922 840
64 112
447 855
504 887
384 686
914 468
174 100
629 56
213 372
948 651
384 486
395 881
292 162
748 289
525 447
712 666
250 569
947 469
306 503
258 370
591 688
465 286
395 55
842 404
663 646
672 827
785 764
769 151
453 390
439 104
171 733
978 231
318 540
300 511
180 549
163 817
94 999
812 98
203 217
700 249
909 740
146 548
11 801
623 259
409 514
249 814
309 25
521 385
229 786
630 705
694 868
989 824
593 119
560 376
835 206
213 366
985 765
983 350
604 913
848 67
901 455
602 126
215 673
920 767
649 7
102 422
651 625
459 960
504 727
303 179
550 208
915 309
545 236
632 935
743 705
445 414
787 879
493 626
450 872
351 852
601 73
641 802
89 285
572 350
222 195
367 422
600 428
212 93
164 216
2 239
865 317
519 854
353 1
942 427
144 36
642 319
1 429
448 450
685 507
633 954
984 268
503 972
549 348
849 754
634 340
597 576
448 985
984 699
859 569
515 213
310 499
936 830
721 568
404 892
174 354
150 504
325 286
662 247
98 937
496 836
871 775
889 604
798 358
267 234
340 812
272 580
920 240
996 443
730 316
154 680
755 710
716 554
453 668
113 763
42 713
100 455
764 830
266 433
565 827
603 504
567 349
955 551
445 909
659 299
493 129
665 638
351 359
927 730
57 238
503 386
577 829
310 215
744 80
173 564
986 181
618 67
117 599
613 882
781 550
98 95
639 758
14 111
937 376
374 217
691 265
291 695
204 952
388 311
616 328
246 7
47 82
730 464
839 22
18 820
75 173
921 701
204 527
478 186
779 811
652 571
662 740
774 994
403 771
922 785
615 700
796 890
505 489
433 324
286 795
808 152
993 396
222 846
316 407
409 243
248 325
526 262
875 96
254 383
273 428
239 521
735 756
227 933
656 235
990 450
224 173
6 565
379 779
239 495
168 420
154 891
194 700
874 202
346 483
457 906
296 520
400 614
525 570
703 863
489 394
954 964
629 582
958 516
727 217
342 313
220 669
137 375
176 475
30 394
603 452
932 994
630 831
349 848
759 729
798 911
17 618
968 982
952 315
636 335
928 530
354 493
389 186
342 138
844 200
797 222
564 255
810 91
630 584
575 145
467 532
257 723
17 293
188 330
649 168
464 546
728 367
374 84
670 641
182 795
939 672
409 429
710 365
292 478
455 642
477 966
926 789
545 730
382 167
2 215
741 794
211 87
379 969
412 966
987 694
684 622
850 386
226 424
641 677
736 357
954 457
992 223
149 902
650 957
7 360
248 63
959 135
448 513
747 167
810 979
283 881
103 336
784 314
551 764
73 261
951 166
883 276
231 902
685 118
922 344
708 425
546 476
551 589
845 880
443 484
410 743
964 66
12 631
551 546
202 837
591 493
958 544
669 435
341 546
930 420
253 374
290 480
110 225
536 504
404 360
445 580
851 705
863 626
898 658
631 502
133 999
389 13
686 749
397 562
179 677
167 136
649 409
613 936
360 770
843 863
173 988
737 83
949 664
144 750
252 647
184 159
994 688
479 424
658 507
97 563
647 817
339 746
946 446
937 479
168 407
222 85
64 758
705 45
611 143
442 90
71 837
473 993
460 681
937 273
212 58
947 137
70 40
736 692
865 272
187 268
867 382
939 797
400 83
718 759
784 193
466 460
111 522
742 344
257 670
875 953
568 927
680 185
684 737
477 381
797 87
966 675
897 936
435 793
392 816
873 313
662 828
522 486
194 535
950 70
682 736
684 406
355 536
855 479
106 330
579 265
210 412
569 291
128 471
755 200
595 627
871 678
622 280
474 200
353 564
624 858
17 562
694 788
142 58
327 977
651 739
52 92
364 798
346 817
350 857
977 735
48 907
114 628
887 3
400 499
387 143
238 743
714 966
880 418
223 751
734 93
458 24
446 569
734 428
330 94
778 806
945 821
643 252
828 160
631 685
163 259
127 978
404 543
253 750
448 939
303 615
435 599
940 712
259 104
10 517
317 647
822 684
384 370
629 222
813 487
120 66
796 769
847 684
665 144
614 157
871 774
440 568
993 924
78 110
315 648
188 762
651 242
755 229
376 906
820 731
927 129
569 605
1 803
78 153
997 973
247 540
656 731
989 633
719 656
885 696
778 66
10 40
253 318
570 224
932 975
989 746
323 304
960 891
812 756
760 573
29 254
379 121
414 552
398 429
660 832
165 494
7 683
907 921
11 418
269 384
967 809
155 613
195 552
342 841
933 890
806 248
790 733
665 776
544 439
156 901
52 854
364 32
365 505
204 953
743 740
820 339
645 360
829 27
614 787
299 804
283 443
601 420
307 305
878 568
257 516
476 392
666 744
158 349
525 147
908 797
196 543
343 984
796 551
307 350
239 667
98 361
301 324
763 633
781 122
582 16
255 141
535 79
316 263
625 713
475 494
809 386
779 758
926 619
230 84
412 227
516 543
849 622
662 920
906 767
210 32
85 980
694 374
508 477
3 629
188 559
651 129
732 44
36 459
152 200
372 419
858 56
974 384
613 320
299 248
797 665
210 469
730 684
489 282
893 726
802 130
464 274
271 999
994 984
78 407
741 125
264 847
911 183
713 660
146 271
904 447
872 115
507 200
961 687
574 806
359 972
414 663
408 362
354 204
329 538
644 199
259 355
80 452
354 191
636 841
263 878
696 142
734 330
759 141
562 715
838 292
89 299
400 330
907 151
517 369
496 483
226 212
482 842
110 595
748 49
677 123
92 525
588 650
511 213
131 91
687 652
771 897
801 695
325 145
499 674
939 833
512 873
454 334
718 523
439 62
913 703
258 721
520 615
225 231
926 583
528 18
862 438
72 878
180 988
343 288
91 267
383 547
758 597
29 753
289 876
253 19
912 548
719 810
426 463
393 798
470 796
626 926
608 253
256 2
664 191
404 506
172 878
396 870
328 692
458 847
161 116
734 859
866 311
328 515
315 783
691 900
378 393
787 409
626 211
831 96
100 254
673 2
213 313
711 462
967 864
660 888
846 615
505 69
736 882
468 745
416 900
90 295
863 416
802 133
192 763
999 672
636 254
344 422
53 450
518 660
188 367
481 723
502 75
13 852
17 401
184 510
995 982
759 145
800 216
857 921
288 428
757 911
79 868
887 717
959 704
943 207
196 960
18 652
663 220
518 833
577 411
909 124
123 977
897 540
127 57
883 695
679 854
873 40
892 907
590 562
206 315
725 806
872 294
909 862
19 1000
736 646
512 915
952 579
715 992
37 756
512 503
428 55
121 579
908 361
766 13
72 25
246 218
129 118
52 602
483 705
963 331
988 910
913 240
99 945
336 301
299 179
50 675
287 658
923 906
284 692
836 505
765 461
33 508
694 971
399 229
773 488
21 659
775 270
392 333
593 117
242 157
302 835
764 250
215 818
454 526
702 288
213 585
359 903
621 304
837 481
90 392
522 797
463 613
100 865
981 984
506 440
611 375
481 654
299 541
714 628
372 34
19 362
467 837
204 918
255 775
652 642
714 967
970 301
75 131
863 186
944 832
246 168
49 556
31 596
680 858
458 104
614 711
890 119
801 654
201 970
313 980
390 908
945 507
999 136
269 769
975 163
525 80
583 478
658 563
589 797
720 980
19 919
224 131
464 369
175 536
34 412
788 629
531 475
666 73
171 541
957 598
707 639
728 642
769 733
384 226
775 452
560 843
813 119
872 973
449 780
200 74
862 988
977 374
922 401
697 101
101 182
654 968
894 461
362 674
825 714
147 434
332 974
684 123
354 882
246 780
983 169
270 556
739 669
390 133
229 163
158 225
876 974
589 131
635 973
46 858
676 82
682 886
756 571
249 724
485 491
656 777
470 401
19 59
882 113
209 473
14 212
496 542
754 183
773 127
502 941
912 669
674 980
753 117
221 567
882 851
497 311
668 250
227 410
579 945
302 424
101 469
394 799
145 147
492 110
350 84
303 966
824 675
844 362
593 942
499 939
80 519
834 432
178 172
623 766
662 762
98 503
306 200
880 173
993 386
666 280
614 626
580 678
572 916
653 46
688 724
811 714
382 182
519 965
793 795
433 36
474 952
44 378
533 970
577 542
483 827
770 415
405 168
797 630
763 932
442 891
567 676
2 676
495 49
945 987
944 101
379 472
368 855
185 135
684 95
264 530
708 85
46 916
159 415
966 805
401 687
863 907
186 283
498 89
998 394
945 542
985 537
713 667
332 923
919 651
439 913
133 18
928 294
838 857
158 511
175 122
345 148
517 188
481 980
613 771
359 975
222 349
258 527
423 606
834 67
584 614
308 302
40 964
882 887
39 654
464 248
725 411
230 971
636 842
71 249
346 520
203 385
494 640
151 161
924 487
51 117
736 827
330 4
203 286
921 671
995 778
905 534
835 853
819 120
982 516
624 992
216 877
961 799
486 786
503 656
861 894
273 509
516 335
944 630
592 414
487 538
999 33
340 674
732 892
970 825
383 716
889 847
211 439
767 170
568 884
629 149
131 534
115 404
191 854
237 732
9 263
300 22
431 844
881 969
201 431
417 7
262 94
822 38
660 197
57 360
224 759
354 826
870 274
873 14
485 240
8 563
405 543
190 287
176 505
360 102
751 90
50 28
350 577
447 339
632 466
691 903
394 403
512 18
566 325
90 2
455 190
129 582
313 289
481 903
557 638
336 142
268 803
380 351
184 50
216 323
690 377
397 355
880 297
537 569
983 396
394 983
680 720
588 969
645 286
309 839
423 672
946 271
654 228
433 416
861 928
348 533
86 955
173 414
778 768
679 704
738 28
999 871
781 48
322 823
550 375
933 373
974 611
758 202
689 977
357 547
508 689
714 100
399 770
296 789
712 669
486 24
550 593
187 93
824 934
36 302
93 779
497 642
684 370
831 749
281 129
881 868
220 434
223 893
315 366
727 445
820 705
675 222
974 78
6 172
319 846
301 992
576 855
358 659
984 798
534 758
58 183
712 490
764 789
357 473
380 46
816 590
110 131
717 425
632 383
983 490
254 674
972 889
755 379
246 626
12 970
87 262
803 977
532 241
94 550
846 977
277 208
82 898
912 803
315 556
856 704
907 972
120 43
397 310
906 438
735 328
517 5
781 522
578 21
373 663
672 210
201 542
754 370
701 345
369 976
649 230
675 866
86 407
435 157
623 628
628 770
66 963
426 672
530 589
478 889
101 799
89 659
307 324
19 696
629 265
762 170
871 380
257 984
121 147
824 883
770 150
296 753
689 846
847 142
999 105
966 370
400 575
590 702
793 984
477 351
633 153
462 45
374 969
395 84
414 432
241 720
132 897
97 340
832 737
279 702
667 377
788 691
180 917
550 863
24 441
250 941
513 203
570 396
438 372
355 566
617 943
837 658
603 657
938 507
578 177
573 888
8 636
621 18
1000 176
727 167
217 682
470 180
708 394
869 402
284 264
730 1000
747 826
553 849
169 600
704 919
190 166
119 660
256 776
290 520
610 757
521 156
631 297
691 620
865 801
493 928
673 442
964 751
878 365
147 847
902 557
856 25
501 294
970 511
847 919
192 851
155 89
66 948
140 403
820 349
640 971
19 502
943 17
231 291
782 913
88 44
350 375
832 146
830 957
283 298
981 319
505 494
508 795
235 53
953 898
843 306
93 143
939 871
905 731
993 498
558 970
598 683
610 381
315 91
980 808
480 512
100 297
112 682
403 152
538 992
704 408
888 101
250 862
713 350
767 919
323 202
768 788
950 12
212 776
149 291
744 499
121 852
506 970
656 569
817 458
881 671
555 346
316 718
355 816
769 664
920 796
351 324
814 366
670 200
873 988
565 62
221 888
185 322
167 374
144 645
472 786
203 162
131 385
259 724
356 396
290 782
899 900
293 445
921 892
403 725
888 777
230 968
32 185
981 418
514 757
18 525
130 714
916 925
99 243
28 301
696 383
145 15
865 408
187 628
902 840
763 313
361 937
69 376
714 879
861 972
538 401
459 632
304 519
98 267
585 875
127 916
737 928
206 617
704 87
524 962
266 990
728 861
213 667
383 719
153 64
824 907
568 885
483 854
379 119
963 448
106 435
716 824
83 414
404 21
907 345
203 805
618 441
31 278
604 244
181 165
972 624
738 782
578 987
445 720
546 189
640 186
593 254
243 261
100 410
507 392
952 363
570 166
518 369
746 879
921 163
728 750
886 607
824 293
329 841
664 462
621 263
939 180
55 880
544 275
137 195
122 771
627 630
130 984
706 123
274 495
403 753
613 47
264 169
675 841
143 755
938 809
867 133
818 835
670 736
322 530
895 883
752 195
53 738
771 331
937 87
810 495
672 260
69 348
919 48
30 597
923 181
637 777
653 996
159 233
785 180
663 79
335 46
250 466
769 987
583 810
883 550
774 715
462 167
317 608
672 593
219 958
719 69
651 493
140 878
838 582
202 563
900 816
262 281
889 987
556 309
298 581
7 111
633 605
394 112
949 994
785 641
626 561
138 125
267 851
628 214
993 599
958 963
428 486
696 558
34 941
362 622
471 320
20 232
39 188
756 690
523 243
949 53
847 923
185 408
685 539
725 542
243 9
213 362
51 579
240 440
147 84
129 673
227 130
544 704
670 256
428 667
14 228
731 274
454 927
881 385
402 122
354 259
428 810
692 111
859 502
454 814
256 731
977 519
708 753
621 80
514 778
717 637
43 267
618 833
978 974
193 338
601 77
567 672
572 346
535 326
938 668
995 837
500 301
606 251
287 393
804 293
92 759
391 479
49 268
545 647
567 582
221 6
866 861
560 656
351 647
598 652
638 425
69 82
827 874
809 427
480 127
832 964
561 978
743 22
313 1
127 829
590 703
142 508
443 210
686 146
818 314
379 720
513 296
383 532
404 94
297 906
525 909
73 595
937 902
111 146
447 489
136 693
72 277
972 696
96 395
974 474
561 855
891 456
929 235
396 808
340 445
973 34
573 1000
6 427
47 693
417 872
471 725
608 389
555 142
846 899
891 278
638 545
94 515
811 425
481 974
133 77
670 380
857 283
51 460
14 192
397 712
525 251
351 1
230 850
894 873
22 590
69 609
621 52
303 151
386 669
981 220
200 540
291 520
953 66
165 47
347 900
940 499
169 420
758 486
155 201
990 345
286 781
396 245
483 360
809 84
974 702
188 119
999 857
545 562
716 301
639 310
611 849
248 329
356 956
767 82
514 338
552 129
188 853
695 181
232 861
158 613
563 787
844 808
378 545
136 915
811 666
174 386
802 955
750 989
54 980
332 526
171 648
162 461
348 288
423 310
46 555
180 537
767 615
453 747
440 326
223 709
663 936
261 312
29 780
683 275
545 9
172 788
217 645
537 265
988 662
646 52
759 725
191 153
547 13
726 369
484 868
716 447
761 802
777 5
778 726
787 92
695 831
592 4
469 994
411 944
783 136
934 478
333 939
249 336
602 340
364 7
290 894
725 10
429 957
49 125
749 372
813 983
265 949
783 479
622 621
672 360
819 491
912 327
126 507
550 963
386 50
595 336
107 474
201 17
6 634
832 925
901 213
771 810
115 868
560 567
172 293
979 975
27 554
452 53
490 128
897 832
2 868
81 997
867 770
871 250
999 257
90 605
291 350
112 737
837 311
380 806
764 540
560 228
98 831
797 713
798 162
712 63
37 471
96 452
831 318
320 968
3 897
885 893
502 531
466 733
110 84
739 548
82 525
678 641
769 763
416 891
833 925
358 817
200 687
935 131
274 377
340 810
32 504
270 641
900 453
487 901
55 570
793 133
246 417
801 276
252 754
398 138
476 702
468 26
1000 724
965 622
496 435
26 492
703 490
905 423
1000 611
910 144
329 277
939 640
923 7
530 70
139 532
640 906
748 423
417 795
54 592
109 731
480 229
279 321
926 780
328 313
400 998
700 49
816 478
376 37
233 380
196 368
490 85
700 160
314 999
996 735
577 555
561 366
472 674
33 949
70 488
736 244
871 798
283 849
988 26
220 396
93 698
519 322
405 238
85 890
211 691
341 736
33 663
965 486
513 237
436 724
129 228
168 670
798 158
927 830
713 486
989 529
93 604
863 965
43 171
990 215
564 639
287 639
593 217
356 1
836 267
548 647
722 398
923 138
686 781
765 300
589 888
848 56
223 320
743 905
648 313
218 320
186 930
189 321
284 123
530 383
568 182
860 806
956 549
60 466
787 321
446 707
677 333
762 871
230 913
87 836
607 29
50 506
821 607
914 275
610 130
884 549
151 88
378 846
162 883
917 513
59 505
353 4
500 349
943 820
639 226
990 344
885 46
743 128
357 581
620 205
363 700
72 971
913 747
326 832
83 205
253 773
714 489
73 487
292 839
336 607
483 768
504 485
783 971
555 692
718 352
3 541
496 889
888 75
928 994
410 569
417 355
55 147
827 440
519 422
150 591
450 493
70 382
702 647
168 890
498 417
745 96
731 181
703 105
916 97
848 375
8 638
123 822
897 372
665 720
800 856
618 656
25 399
199 409
809 699
630 839
649 324
885 934
155 543
617 344
446 50
240 421
994 530
756 949
118 410
32 433
406 639
227 14
320 508
748 916
330 781
773 909
332 371
243 824
299 634
874 974
156 897
341 395
731 543
454 154
221 677
19 211
444 123
664 388
162 804
144 871
53 729
740 549
639 305
53 842
572 238
629 491
799 449
247 644
89 542
681 290
75 543
331 745
940 537
745 631
193 712
496 30
36 130
572 972
221 154
774 656
150 158
157 690
324 133
846 262
970 966
45 93
368 494
598 907
693 657
552 335
182 158
609 418
480 378
957 1000
816 196
289 836
914 989
475 49
867 967
154 614
138 419
894 492
586 549
464 189
615 434
160 582
197 725
76 490
665 259
902 48
233 769
57 51
540 552
625 664
964 408
347 438
829 518
351 326
106 289
47 569
696 965
100 853
543 981
341 77
700 665
321 49
29 480
916 552
974 86
338 724
8 180
321 851
326 460
572 428
95 257
635 372
703 731
412 573
20 91
637 867
49 762
286 761
288 610
245 837
823 526
956 17
792 25
740 936
357 524
908 140
892 867
783 764
674 463
473 731
822 468
417 600
36 166
118 622
653 305
605 24
542 635
600 392
33 537
894 46
145 875
936 906
876 902
722 103
595 143
98 845
693 614
92 147
246 843
686 532
465 240
212 675
158 173
287 587
168 961
650 77
786 548
482 975
622 257
453 992
612 319
601 522
912 939
267 612
273 743
287 764
722 570
704 977
33 167
521 218
740 42
854 26
246 311
156 43
393 303
32 505
640 760
192 767
924 32
563 480
199 20
716 130
496 37
922 513
914 157
666 522
377 407
396 270
35 633
718 990
844 685
946 891
464 801
302 193
196 972
944 902
134 282
196 595
553 150
37 269
612 485
795 369
943 826
102 365
559 736
341 814
884 791
615 920
231 984
107 342
179 553
131 742
903 380
279 550
874 252
197 873
558 194
736 245
475 347
847 163
81 960
628 760
48 151
579 219
848 444
470 594
676 793
271 615
842 481
976 563
777 678
776 975
564 858
341 751
949 992
238 345
173 692
65 741
137 720
358 662
416 393
694 92
505 314
113 721
560 16
834 595
708 986
233 840
52 404
91 166
612 332
526 692
72 668
894 518
989 818
668 605
794 768
501 700
303 490
655 833
492 349
697 59
865 937
76 16
155 675
191 289
178 576
493 953
954 573
574 994
194 502
602 491
763 503
403 670
962 807
579 847
587 450
957 204
170 270
192 842
504 588
49 70
532 560
628 781
79 727
409 511
347 700
749 315
58 990
740 514
788 735
875 237
330 170
207 160
447 881
249 986
527 541
843 408
818 611
809 280
559 428
83 95
214 951
88 455
990 488
174 245
969 917
949 689
474 595
456 506
154 865
608 941
177 384
625 770
520 690
764 743
637 367
389 997
632 81
504 369
90 901
260 172
551 354
629 620
180 694
362 561
203 639
800 105
676 610
494 61
100 92
33 13
587 930
215 893
147 5
78 559
394 598
697 87
700 974
203 810
55 773
679 483
192 932
325 723
380 386
396 979
69 57
756 805
260 66
389 866
504 650
703 647
503 324
269 268
677 415
631 938
22 588
204 950
784 618
202 211
810 274
4 365
134 984
563 246
767 524
922 795
304 542
883 706
365 679
979 391
282 109
321 513
140 67
213 531
197 126
149 763
791 188
279 392
254 496
738 293
187 41
408 298
28 831
932 453
41 700
742 500
873 363
656 399
393 660
943 692
470 922
822 431
935 708
628 106
205 487
68 958
779 88
600 715
855 301
931 357
381 166
171 424
910 941
15 715
162 173
683 277
629 753
265 140
