1000 9887
637 198
146 506
835 19
860 427
388 846
266 302
730 971
489 575
605 498
980 64
275 84
648 986
812 725
302 291
194 28
542 261
194 399
160 3
695 825
155 280
265 328
806 630
910 408
400 809
574 5
243 791
355 241
230 975
122 204
17 905
624 774
93 406
701 158
316 252
522 563
982 681
352 712
792 789
960 439
302 170
749 259
610 75
956 931
923 170
946 73
676 290
148 763
774 851
889 113
232 812
731 405
288 722
169 953
678 483
166 727
978 329
652 138
888 297
19 979
631 563
126 42
604 634
721 634
701 548
225 363
462 104
12 271
736 89
664 661
662 177
719 896
872 521
580 346
263 158
537 9
461 97
172 212
718 248
106 336
517 728
935 377
11 303
927 981
324 702
20 215
149 437
891 498
637 234
674 84
361 277
686 759
419 952
312 124
898 799
441 856
460 140
467 728
631 229
735 451
590 450
169 806
100 842
971 233
610 555
939 343
632 803
961 435
374 232
285 633
161 587
978 412
312 713
119 890
743 730
355 237
839 71
71 217
202 152
203 417
705 39
378 953
307 511
515 802
13 959
288 523
813 569
500 468
653 912
127 87
869 549
796 952
504 894
726 569
164 50
348 823
277 509
875 771
413 191
727 885
491 793
304 260
25 110
297 753
228 675
93 834
895 513
729 662
59 923
600 613
641 187
989 333
647 971
650 701
689 401
305 392
470 962
417 310
332 935
833 846
595 795
281 423
968 167
931 317
657 847
721 913
707 194
466 556
195 502
802 50
676 591
131 349
275 430
920 953
773 790
686 672
356 3
301 766
234 675
588 470
147 232
716 226
547 587
677 664
952 505
146 336
937 619
574 784
61 675
265 422
782 381
911 27
827 670
721 349
601 775
854 83
322 288
109 232
645 92
373 659
998 914
51 147
435 112
203 741
499 805
100 588
619 564
583 913
431 228
824 589
342 513
553 326
155 238
250 160
255 433
611 169
334 512
246 220
528 659
782 808
550 260
242 926
518 806
758 187
45 708
942 434
176 573
446 797
847 499
888 256
598 643
712 558
231 110
163 406
75 706
991 944
318 886
323 732
196 342
328 166
24 671
373 410
653 376
175 660
287 974
179 721
736 146
912 279
50 542
589 459
771 514
591 141
538 827
268 491
928 851
546 286
106 281
953 256
493 455
112 954
849 183
150 572
645 245
17 869
950 471
309 469
775 307
225 750
889 384
418 367
609 576
797 465
673 227
685 864
489 578
56 219
648 575
383 463
567 539
519 953
570 972
761 779
373 597
104 310
344 325
397 709
829 706
152 588
482 495
429 692
925 303
370 823
769 963
991 50
21 886
229 827
778 531
830 321
526 205
913 248
456 893
554 250
81 454
403 554
886 191
632 970
389 515
164 261
222 23
702 337
61 139
853 415
857 980
239 816
136 653
600 114
587 636
172 624
515 907
774 884
630 82
245 496
227 605
157 878
208 448
769 751
692 561
488 667
415 458
606 987
74 200
296 834
940 539
406 155
304 381
602 802
16 65
179 527
453 148
438 232
295 689
150 156
232 751
54 824
920 390
974 889
116 97
245 643
158 778
654 655
234 148
110 515
435 855
149 77
520 687
133 242
42 626
337 54
931 356
660 302
256 60
936 718
167 814
793 331
150 728
372 472
821 285
91 112
355 679
851 554
564 561
301 693
820 987
124 504
622 363
695 485
332 205
316 714
831 229
264 885
249 713
802 493
87 341
894 607
532 198
453 923
178 694
962 107
990 553
683 67
463 683
800 869
765 579
296 577
845 621
189 135
501 405
490 888
963 608
724 817
394 685
144 520
392 58
865 690
661 745
739 201
723 716
133 320
190 819
670 633
643 399
769 856
41 33
706 11
717 979
290 607
360 745
490 696
717 659
369 621
334 969
248 394
299 774
249 183
514 531
821 661
457 386
311 299
828 247
757 791
278 144
889 391
525 177
16 399
749 659
54 587
1 637
398 745
681 499
940 616
740 938
183 898
791 195
639 53
496 933
832 783
996 638
805 710
521 977
54 255
776 838
63 606
634 518
177 463
181 399
910 311
24 325
760 80
137 553
546 471
253 45
492 811
932 728
555 527
24 501
462 267
450 467
289 983
208 257
850 848
525 936
696 534
492 713
555 301
315 916
67 215
964 367
712 256
967 568
734 861
20 327
640 173
326 428
707 7
109 481
455 245
171 194
383 959
513 755
724 44
826 618
989 974
648 838
706 196
872 228
982 121
288 85
142 112
184 166
596 747
613 691
818 541
691 729
433 761
929 732
346 582
40 933
994 314
334 779
498 653
83 521
501 282
526 133
879 400
89 408
610 778
717 550
294 889
758 434
230 635
636 986
431 176
753 786
863 221
791 912
95 359
867 278
407 939
725 156
874 550
636 585
286 840
322 641
235 96
740 604
572 289
369 666
154 454
381 586
568 584
698 763
628 632
520 811
839 906
455 893
427 560
227 994
852 147
303 569
590 679
900 941
447 642
162 302
607 668
872 983
728 603
33 571
551 665
635 41
572 724
920 365
708 146
872 614
881 1000
682 747
901 523
759 971
595 794
209 43
898 765
194 897
198 953
879 466
721 912
836 308
468 660
750 357
110 132
955 531
997 180
376 706
341 944
90 112
109 308
271 37
328 549
367 908
461 503
872 34
104 76
178 751
513 118
731 505
364 646
50 4
42 398
460 177
963 794
782 322
711 424
397 305
659 98
511 855
905 230
672 215
29 422
801 309
483 321
810 173
630 314
631 23
66 941
31 717
985 129
17 119
201 658
697 757
644 20
243 598
541 444
959 669
14 551
140 379
895 787
455 690
922 773
300 625
652 414
504 812
396 92
640 770
921 459
26 225
178 416
451 628
583 327
966 85
269 827
218 933
705 477
927 330
21 807
736 437
607 466
196 343
328 167
791 376
116 14
353 852
979 904
466 205
395 75
89 850
110 612
613 305
956 424
284 833
942 102
880 722
105 53
50 750
825 716
394 978
721 867
355 573
376 512
983 167
345 480
452 460
989 739
295 54
544 514
368 670
864 627
134 259
7 531
1000 83
138 974
485 533
587 565
739 974
118 409
238 786
427 420
303 377
969 885
52 8
721 440
301 183
948 241
693 853
402 237
540 907
9 853
32 146
844 273
807 671
477 728
294 822
905 403
464 973
840 964
786 406
739 394
341 11
804 917
680 828
952 577
496 333
406 446
836 679
325 166
509 457
145 320
143 981
990 168
573 128
97 207
176 730
999 170
602 944
508 647
661 377
718 566
849 837
179 665
463 473
527 736
179 526
670 5
172 317
210 904
942 169
49 14
604 344
72 889
804 138
827 251
42 849
353 880
907 131
175 683
720 724
243 97
52 171
860 16
930 683
24 410
564 60
45 380
251 555
547 966
529 695
569 642
533 39
989 342
704 699
45 397
138 49
176 324
246 470
458 850
424 862
152 493
9 292
232 59
565 871
612 262
176 418
693 195
930 279
915 631
881 355
835 142
32 353
934 326
961 292
749 189
234 922
101 602
665 892
668 165
482 496
815 438
800 981
764 286
515 554
844 422
136 509
389 981
563 310
655 462
145 113
271 465
902 669
434 81
606 267
255 507
865 403
520 210
387 93
425 786
409 437
83 330
800 290
253 646
866 185
679 730
973 883
471 478
999 889
891 592
987 785
127 2
352 296
153 809
939 838
706 583
140 97
548 474
453 230
296 831
371 357
633 122
282 510
586 128
476 56
10 934
463 290
944 337
949 756
876 569
14 856
457 989
794 452
357 892
902 81
72 228
716 821
552 302
149 96
668 944
831 580
651 162
889 947
284 905
682 756
510 421
936 540
332 957
258 568
23 760
582 521
505 811
824 605
20 98
682 538
10 876
559 779
931 400
842 829
627 1
793 471
321 470
877 697
660 33
860 900
557 487
890 708
781 819
268 842
437 281
848 80
28 466
523 424
228 434
708 996
761 706
136 187
9 947
963 718
251 224
659 73
313 517
904 160
237 782
32 107
833 596
570 743
700 538
153 713
762 847
100 938
106 683
674 649
415 585
919 361
98 87
139 465
193 329
502 253
680 869
274 650
259 98
64 218
999 780
641 846
291 853
505 425
879 827
182 537
58 539
645 587
908 179
486 899
318 122
291 179
76 907
345 341
258 472
685 287
889 252
84 790
32 757
288 879
277 221
137 874
463 431
508 429
555 844
639 66
149 19
336 518
408 147
928 986
233 130
309 733
935 569
819 640
404 71
703 557
741 762
120 268
764 589
379 553
751 305
20 919
936 760
372 482
724 639
52 480
2 537
721 919
299 57
872 261
911 470
989 670
246 403
738 926
354 587
718 835
86 882
345 308
633 222
293 572
962 189
428 513
124 144
616 908
184 101
369 248
510 925
955 752
631 323
977 856
636 59
415 894
751 858
248 775
375 438
855 904
142 77
952 217
289 484
474 514
691 308
449 161
622 860
571 986
143 685
922 193
118 207
448 487
286 907
753 940
937 37
576 995
61 101
889 348
65 354
161 951
715 488
532 674
115 740
758 14
596 349
636 622
486 845
987 808
321 11
675 727
990 348
390 534
656 248
842 223
205 525
236 162
723 176
376 773
15 828
14 865
201 475
457 772
597 568
211 373
404 244
285 436
320 214
599 547
840 210
940 954
91 328
456 219
185 771
793 252
334 156
651 234
173 655
428 161
517 416
215 171
306 837
572 616
439 547
435 73
501 970
307 641
962 511
670 52
848 506
6 428
726 511
928 418
238 197
864 628
450 573
247 393
449 498
17 534
950 614
256 414
799 785
122 981
284 36
235 606
986 186
563 428
172 227
456 784
690 608
784 587
951 834
644 122
982 674
820 347
933 68
790 567
979 506
541 415
800 263
571 708
878 960
637 859
528 753
377 61
783 437
197 490
35 387
897 556
3 161
889 90
871 533
235 184
37 450
240 722
814 10
581 261
89 915
352 107
723 76
651 475
124 967
305 155
197 157
276 364
124 411
922 218
732 181
510 939
474 677
770 406
223 802
349 739
525 973
768 891
695 80
917 86
774 321
120 324
358 706
159 503
789 908
167 808
884 270
133 744
745 64
194 966
864 818
938 473
8 542
742 823
185 44
252 170
118 983
252 39
977 134
410 989
485 423
509 947
272 982
96 650
638 582
404 589
122 721
593 455
557 676
65 238
807 886
860 891
536 929
756 772
446 268
530 323
483 342
18 111
548 641
460 472
756 859
49 899
729 33
752 334
904 594
903 963
740 743
250 119
469 471
754 519
494 890
210 553
961 871
620 476
130 486
481 26
84 97
784 887
953 928
519 965
386 15
118 832
261 981
370 645
633 121
657 353
926 572
899 473
984 717
412 846
296 719
442 276
7 355
893 680
715 695
324 229
931 87
382 439
989 245
811 765
653 446
358 396
95 887
628 474
578 819
372 280
979 816
285 383
322 84
181 318
552 702
438 391
423 465
569 669
181 175
440 359
737 471
835 324
210 433
525 934
17 803
452 502
238 419
340 720
650 73
299 109
851 712
623 582
803 685
953 24
310 623
59 963
66 387
765 259
754 20
332 66
962 201
263 748
583 763
910 345
217 902
125 533
492 376
493 977
892 421
21 970
562 818
218 299
394 764
731 701
454 964
661 666
80 265
7 440
835 395
963 606
515 521
626 316
330 833
57 527
692 183
195 889
622 816
326 413
74 330
277 695
444 72
264 318
50 467
947 99
485 992
763 475
925 936
340 120
257 580
629 318
648 275
758 82
316 481
121 15
969 473
734 219
685 397
620 230
503 994
54 708
310 370
205 616
940 733
872 827
7 457
727 743
162 701
908 402
432 91
469 912
110 590
534 60
862 601
168 613
442 12
380 747
694 310
471 139
291 353
951 892
68 85
594 13
797 680
764 957
655 574
103 589
509 790
771 713
77 114
632 279
464 121
962 408
614 926
985 553
328 728
203 548
648 695
332 128
149 470
997 178
416 363
513 819
254 677
384 713
526 555
303 502
414 565
5 802
94 553
412 14
655 242
787 42
898 913
958 1
670 405
985 485
783 94
273 993
146 113
4 87
811 353
575 280
743 874
320 260
856 374
708 767
674 571
991 104
259 419
925 618
948 317
36 300
847 553
407 88
88 62
895 797
349 169
666 669
72 530
948 595
52 520
257 928
814 380
458 72
676 357
553 246
131 808
27 715
491 774
954 498
112 497
728 795
323 705
415 241
827 209
866 697
116 8
233 236
140 790
611 759
443 345
63 912
284 835
799 44
927 251
196 119
414 458
915 739
202 928
150 576
779 48
194 624
241 555
48 405
16 721
685 855
190 335
530 664
983 22
752 776
882 135
829 908
808 226
123 550
997 214
525 895
499 342
609 950
226 530
243 624
484 846
730 98
535 847
572 225
575 94
178 608
696 925
398 37
695 721
75 488
238 804
518 298
152 591
706 10
818 592
268 625
913 364
217 111
473 149
290 997
420 948
493 173
677 825
237 293
627 933
350 92
596 412
62 464
544 63
265 562
934 228
648 461
634 186
669 585
783 449
973 190
205 893
733 295
459 546
44 588
27 806
836 560
250 421
434 796
454 347
793 867
745 634
248 190
692 675
362 202
770 117
220 188
224 167
462 225
136 893
87 272
55 18
21 174
650 542
23 609
428 247
376 832
743 244
515 473
440 733
681 993
614 1
944 29
963 267
106 376
641 19
589 381
517 625
955 492
333 400
195 435
693 336
534 544
585 177
260 381
133 905
445 935
427 228
375 170
273 766
717 251
384 689
705 531
831 119
857 456
820 196
358 783
821 173
860 709
440 136
920 658
649 500
63 302
12 706
142 923
952 35
181 703
22 765
824 102
264 37
49 817
528 122
825 388
826 695
526 172
106 693
621 18
17 428
588 989
273 128
447 951
243 904
743 515
838 285
198 252
83 332
848 720
23 80
740 966
447 804
654 306
268 89
171 586
218 1000
61 398
296 393
900 549
101 562
177 226
171 972
942 203
49 40
512 896
965 234
90 692
102 55
603 638
141 617
534 384
594 151
564 835
358 284
134 678
842 601
592 636
812 113
741 341
707 861
67 442
309 307
214 447
180 763
570 79
119 502
483 733
531 600
385 195
208 426
525 822
858 245
792 155
351 272
579 53
707 8
582 952
678 699
556 803
8 281
68 581
681 160
39 324
250 937
149 959
375 428
378 368
431 494
751 689
899 600
916 602
593 691
887 49
283 175
636 247
692 1
610 918
97 585
792 599
874 771
235 839
400 272
666 625
256 788
645 262
1000 617
529 501
36 771
753 791
438 619
900 340
562 375
472 305
770 872
588 679
153 922
908 222
691 150
748 413
219 745
805 162
610 474
477 81
81 648
12 122
71 537
771 255
684 580
166 759
996 886
770 979
11 818
728 768
503 914
681 654
75 683
101 423
780 198
529 962
396 767
509 66
3 551
225 395
390 485
764 728
747 266
315 358
815 863
120 270
391 965
285 322
63 820
370 362
390 7
730 762
379 408
894 297
453 685
385 389
45 467
323 177
489 729
537 603
521 387
77 962
738 924
579 384
946 77
808 958
769 680
823 533
480 999
26 999
857 862
390 926
906 323
602 210
858 120
513 675
296 965
132 271
596 820
997 403
696 898
614 369
402 117
368 547
902 942
433 649
803 823
511 848
460 402
873 859
480 199
66 825
639 596
326 367
473 648
401 68
240 236
493 726
830 175
777 289
657 779
839 39
531 270
165 52
210 607
528 632
984 74
123 662
714 863
182 729
677 956
942 327
304 631
585 970
785 248
53 880
847 334
650 783
306 172
109 697
865 187
23 777
373 324
145 635
419 100
206 284
978 269
872 792
814 95
374 598
358 107
654 516
414 297
547 413
418 820
594 422
22 434
922 196
137 900
214 682
676 939
239 333
538 916
576 335
499 48
504 346
571 68
275 643
591 137
957 847
873 428
16 549
589 344
256 84
189 842
371 923
641 167
169 678
263 384
655 898
899 383
271 917
772 622
275 462
938 370
635 964
372 742
29 67
539 794
688 292
425 171
484 847
285 874
865 120
566 261
716 402
809 624
136 230
48 978
89 138
797 787
905 182
320 409
790 747
901 194
599 421
218 576
739 62
173 572
691 387
620 363
765 782
144 974
882 554
773 681
836 884
870 743
167 506
857 984
640 882
456 607
478 867
740 547
376 278
411 489
128 737
291 879
473 592
645 624
429 133
300 172
35 274
788 828
606 991
383 322
794 205
429 22
73 52
257 173
82 186
837 58
144 281
533 977
475 361
131 549
188 946
561 424
279 613
513 269
732 183
950 250
291 427
958 721
408 205
781 432
205 482
99 867
650 369
616 261
783 294
128 75
883 35
385 348
777 626
581 744
345 592
327 544
272 810
423 13
688 226
543 300
357 281
802 118
623 18
668 531
405 627
7 995
730 980
42 434
977 789
271 143
795 513
321 154
913 446
584 195
215 610
329 695
575 450
544 382
652 632
145 229
974 87
616 256
951 928
421 449
833 1
709 638
505 176
527 781
770 530
753 874
493 559
98 33
725 132
249 187
801 732
622 628
553 19
634 600
614 644
463 152
410 20
487 38
514 414
897 526
364 435
331 467
278 7
170 884
335 82
146 536
266 631
448 894
184 808
692 787
390 732
838 222
269 721
81 589
978 469
137 883
926 589
270 945
953 753
68 326
937 774
211 303
712 840
470 584
509 46
770 376
901 898
519 343
408 41
413 808
732 10
717 346
422 574
487 968
492 694
453 712
669 600
955 410
498 483
319 19
712 181
699 913
294 471
811 187
495 306
569 381
57 81
770 852
333 343
159 664
260 481
669 91
712 482
911 2
289 279
623 276
658 843
926 878
403 283
521 220
49 266
195 605
514 911
489 824
738 538
26 725
249 388
268 570
711 230
35 769
967 120
256 870
166 217
21 751
333 840
78 935
32 221
30 824
549 872
257 544
148 983
114 633
678 215
383 87
28 631
736 481
767 317
454 356
3 106
615 761
140 177
625 429
454 273
279 350
746 651
448 858
508 714
805 818
699 275
478 554
363 685
253 890
844 879
392 940
429 26
270 909
129 467
79 314
628 56
498 293
280 976
888 165
686 344
746 79
181 272
897 71
863 788
719 784
333 117
565 698
622 453
271 771
509 788
143 319
358 539
198 972
555 269
722 502
890 884
82 601
872 154
47 922
704 900
61 756
198 750
215 708
221 775
43 991
561 670
380 372
204 170
722 683
463 623
781 566
857 176
146 57
968 759
614 271
937 264
991 197
367 735
740 347
411 113
678 17
551 285
437 909
356 509
541 263
628 779
354 308
939 596
433 507
676 385
804 734
151 81
579 650
451 747
782 813
287 369
416 614
715 378
166 566
848 665
503 851
736 474
18 633
884 706
405 343
795 339
874 312
767 55
325 480
534 252
480 119
562 205
802 572
486 61
404 768
564 998
893 878
343 269
439 798
921 11
318 597
802 798
567 2
642 887
770 288
954 69
828 622
392 678
284 972
323 910
486 494
732 498
716 975
471 781
917 160
167 769
6 129
266 466
147 54
834 214
141 914
648 710
339 199
836 513
7 873
671 262
177 582
117 665
272 862
792 165
941 636
894 548
695 525
110 23
185 444
892 93
163 772
626 17
129 645
467 663
256 796
769 597
311 798
256 512
259 739
722 655
298 741
130 588
97 519
47 241
681 810
415 637
566 727
880 362
200 972
408 965
719 742
523 800
709 921
430 346
549 800
75 857
338 525
469 417
221 320
23 78
710 140
491 198
370 781
645 639
727 843
268 6
420 597
299 776
273 408
334 259
99 531
912 113
509 295
476 80
519 588
233 317
50 989
839 735
220 45
438 156
115 769
723 62
797 987
860 125
8 852
297 861
841 792
805 701
245 928
266 103
855 299
140 198
293 959
849 150
85 684
567 260
976 799
280 294
835 84
290 323
117 876
461 298
859 251
950 726
552 769
301 378
722 593
449 657
264 969
716 724
530 412
677 603
787 503
930 725
6 433
351 476
319 690
394 711
507 178
273 798
496 161
721 408
562 924
963 615
985 35
92 883
496 48
903 943
80 447
781 463
430 263
677 804
913 223
255 278
592 282
647 854
84 142
321 852
31 641
692 845
991 307
369 608
959 721
467 239
342 18
586 347
919 39
798 987
598 482
377 222
987 789
951 758
474 138
221 469
80 962
886 297
693 47
176 762
712 540
875 56
396 503
956 159
761 49
263 691
157 766
547 426
343 727
161 967
775 714
823 851
625 883
756 227
519 705
331 1000
119 829
104 522
712 841
107 641
716 817
756 18
168 539
11 71
635 638
987 334
742 244
154 581
764 84
989 517
902 388
452 497
938 140
313 77
812 401
794 900
513 980
842 904
256 315
648 621
50 825
795 718
725 513
178 708
251 902
234 728
398 449
129 604
630 646
958 153
194 122
569 288
717 878
648 843
621 499
481 526
887 130
542 363
394 763
752 399
906 395
630 622
578 7
602 385
160 404
924 430
430 291
976 716
308 699
873 369
120 519
463 857
654 242
857 998
514 577
52 640
578 38
394 972
652 503
16 337
715 337
684 800
222 867
593 893
796 950
446 875
654 268
944 524
982 792
552 65
791 226
150 238
728 770
529 823
309 519
182 319
699 387
477 369
361 83
119 912
709 38
731 547
555 832
93 769
259 361
23 570
46 649
197 995
436 557
461 942
797 579
119 150
289 773
453 538
239 9
208 339
171 345
778 195
707 827
500 731
46 619
273 98
705 908
681 840
811 777
208 226
621 626
416 511
551 843
552 955
772 628
497 196
243 488
825 6
54 464
320 714
484 853
353 435
330 575
458 584
664 307
873 403
32 429
568 207
986 162
364 786
644 364
574 997
99 455
506 463
296 199
987 183
39 763
354 139
881 904
783 200
290 847
165 161
503 585
424 485
833 95
407 228
339 658
502 162
947 979
450 521
714 970
161 986
238 728
477 864
867 168
207 395
282 894
744 573
247 922
306 72
307 289
792 851
776 376
481 470
781 249
395 898
986 649
190 584
287 669
477 2
938 532
465 570
943 869
32 567
145 744
274 908
336 809
278 972
460 935
335 21
410 252
763 710
638 470
984 281
782 588
658 550
83 344
594 936
174 886
651 435
148 872
872 937
34 258
549 417
552 347
77 416
24 276
779 420
984 934
859 722
293 902
538 773
685 946
190 333
392 679
923 837
546 280
286 7
641 52
988 869
493 449
516 988
902 445
280 92
320 921
564 692
727 190
12 563
623 836
128 16
290 316
518 124
208 93
877 893
270 341
952 550
698 272
458 541
739 612
795 694
427 266
66 454
564 377
747 965
809 630
755 462
170 56
99 402
602 39
126 953
577 335
218 300
865 831
630 633
332 276
460 289
152 594
34 799
49 923
394 770
434 215
878 746
222 398
540 55
890 188
50 263
162 527
109 1000
58 778
296 155
167 217
575 543
856 115
306 108
622 606
753 733
754 622
810 428
117 414
67 873
861 879
594 618
331 528
829 241
577 344
45 802
232 823
714 83
219 723
550 693
292 187
766 263
839 585
435 703
236 939
102 191
729 679
845 541
186 234
595 10
358 484
707 422
510 291
851 357
340 998
770 261
439 914
383 300
851 466
582 550
988 841
183 489
980 309
365 547
101 32
111 123
259 770
765 394
696 751
458 686
702 389
544 547
379 160
422 476
125 357
375 84
214 82
252 257
338 938
792 558
601 976
485 645
290 917
170 431
976 437
216 225
397 372
476 723
619 613
291 606
165 121
313 718
558 512
655 378
566 803
382 620
972 462
131 54
4 328
925 960
306 16
804 279
145 406
2 313
369 752
779 979
762 121
141 593
455 518
915 642
226 458
973 45
953 789
348 985
434 352
984 721
704 208
997 629
444 603
434 609
760 231
410 470
230 255
233 169
505 972
793 5
152 129
618 28
945 964
11 707
862 899
422 572
560 157
244 350
693 930
764 917
51 802
56 972
418 207
238 308
76 439
295 151
650 482
134 19
447 332
333 159
362 624
54 346
493 282
4 571
668 706
678 559
312 148
152 381
315 795
428 538
823 993
311 931
455 128
555 94
404 17
617 425
925 352
359 996
360 926
930 534
365 147
661 678
321 21
469 149
865 720
683 835
705 911
9 656
374 18
726 999
736 867
496 428
351 870
579 515
344 208
217 326
992 588
131 18
723 972
596 326
568 735
880 145
796 951
891 627
469 713
305 965
508 708
126 367
765 8
366 734
809 437
392 991
361 318
215 463
614 275
136 824
970 723
226 157
992 963
369 383
366 939
702 769
703 552
291 932
813 636
548 347
627 194
186 388
205 424
760 993
930 7
659 575
396 943
897 246
786 347
924 553
979 558
926 107
587 801
589 147
629 690
868 990
924 600
617 218
545 277
727 5
233 705
224 422
608 499
316 648
249 50
778 437
742 578
807 2
954 594
927 613
282 699
565 124
694 656
682 184
976 405
759 442
706 34
882 803
739 594
920 636
425 34
463 542
924 28
76 159
123 333
235 230
632 949
584 824
161 985
953 61
917 822
844 378
458 13
386 830
813 901
891 817
32 874
253 728
382 932
183 653
258 228
49 681
785 253
895 238
53 893
537 620
404 701
810 600
67 797
883 671
386 243
426 932
300 909
961 589
819 347
642 416
30 349
426 32
957 761
727 647
620 853
686 152
90 619
857 618
543 134
488 802
140 667
487 556
695 75
272 547
828 616
780 971
367 91
833 803
581 753
489 939
719 615
379 278
911 305
26 728
972 48
742 927
447 241
450 55
474 177
721 144
760 586
47 556
127 818
440 240
852 701
955 15
181 679
354 788
276 564
155 308
804 911
56 460
880 285
751 746
165 243
972 197
419 144
522 692
616 295
48 819
416 922
364 21
660 538
937 251
614 957
118 44
653 751
854 105
645 347
905 486
986 763
92 574
718 798
648 320
26 348
763 391
766 554
109 521
26 207
528 261
800 506
787 740
365 816
861 702
478 593
264 172
357 608
426 610
288 829
577 633
462 229
733 118
37 559
404 806
645 928
25 47
613 761
333 217
832 728
709 142
603 647
620 607
309 272
372 432
784 490
548 403
42 524
685 806
30 979
163 580
517 637
555 454
665 266
557 364
856 263
621 569
807 228
848 475
96 528
963 435
760 759
85 396
893 293
860 594
536 136
534 919
242 217
260 264
237 602
195 725
881 502
369 218
624 592
908 754
265 368
69 698
431 71
929 429
805 374
644 180
499 885
728 381
946 396
305 540
752 323
164 465
645 356
575 685
227 307
672 388
654 20
1 852
398 982
311 435
39 992
80 735
467 241
970 248
960 62
724 463
411 502
605 476
273 489
537 548
723 785
732 961
129 298
420 511
791 216
978 321
207 17
250 564
736 371
535 215
149 904
758 900
392 947
343 882
448 543
676 927
789 344
257 63
993 245
524 219
599 625
836 837
603 626
175 853
471 226
309 707
715 832
704 713
441 315
43 411
225 476
580 322
654 797
270 726
860 242
495 89
104 810
600 687
656 641
414 145
401 758
6 508
663 966
834 580
198 999
898 757
259 865
640 795
647 466
355 712
851 719
946 81
792 159
302 816
748 672
929 26
644 507
256 428
955 568
955 746
320 543
302 675
964 628
17 721
878 470
826 629
664 328
829 658
173 974
501 449
797 180
711 338
607 568
313 527
521 82
642 339
544 413
123 416
783 246
911 813
456 813
666 992
583 318
892 468
627 865
163 307
544 123
247 944
729 177
13 216
363 159
71 358
944 800
407 928
563 54
398 605
304 137
814 357
62 718
92 661
883 642
554 622
57 165
62 857
472 930
896 673
841 845
699 276
738 370
166 747
933 274
871 50
747 224
675 287
605 194
733 13
974 777
277 231
118 579
709 36
400 766
220 23
956 387
499 88
228 570
444 751
637 322
432 47
474 358
92 217
112 775
976 556
224 833
98 870
267 255
270 690
551 615
179 608
601 907
17 881
90 857
312 339
718 95
45 463
727 151
345 397
197 660
825 923
845 104
246 991
484 960
727 4
730 792
234 683
954 736
95 750
939 124
280 399
216 525
747 987
541 978
78 587
63 285
212 569
213 480
238 781
296 500
856 716
599 300
635 228
969 979
967 200
627 607
890 311
528 862
407 230
411 227
969 525
622 721
818 794
676 396
89 366
892 734
732 619
514 466
109 548
912 249
3 216
810 744
975 182
795 340
118 653
488 758
620 199
692 724
625 735
645 826
462 142
802 571
874 13
582 330
662 23
684 699
813 473
120 80
525 293
767 790
236 990
366 981
438 38
318 600
599 569
207 546
276 436
719 832
479 751
46 538
713 319
987 136
59 669
578 999
779 132
198 924
876 940
894 33
347 134
845 187
133 783
921 785
310 953
807 933
208 95
410 963
160 786
161 463
180 477
952 302
110 26
606 919
994 953
225 960
898 991
259 599
53 363
19 183
114 331
613 636
528 811
229 618
503 351
90 904
312 794
757 616
551 517
619 635
284 192
30 996
568 459
752 344
316 209
541 426
196 879
378 918
640 967
478 165
151 1
889 258
49 635
72 676
622 604
680 803
631 877
303 811
896 843
398 533
883 717
465 548
541 699
583 288
567 959
463 422
46 122
947 493
913 717
272 211
20 529
240 551
461 641
44 367
396 300
788 542
1 164
901 793
850 179
673 746
357 833
139 18
39 198
772 435
77 15
556 353
452 387
334 83
928 792
903 93
105 26
819 882
346 276
493 419
202 848
307 381
855 405
108 894
55 557
739 676
337 968
357 261
394 273
774 927
200 448
879 128
919 809
521 458
726 35
902 155
547 698
758 174
694 831
811 113
378 502
765 746
413 309
824 433
274 221
772 364
593 313
226 674
402 282
502 863
570 157
95 964
94 695
230 885
925 267
506 5
142 15
715 251
97 239
723 724
597 243
725 430
66 893
505 203
416 852
423 691
285 654
236 444
517 355
187 640
919 179
946 239
361 917
417 923
365 753
829 162
649 516
465 614
448 195
377 227
542 416
295 879
893 576
178 423
594 991
5 834
407 722
818 151
142 818
542 389
757 52
281 7
961 677
747 148
585 113
569 852
605 110
258 273
393 558
874 17
788 673
456 138
719 907
78 1
480 272
409 788
873 949
964 34
860 243
38 659
440 766
777 513
634 992
245 299
584 21
323 75
713 503
383 823
336 462
815 942
599 967
603 384
493 280
475 821
497 221
333 431
669 309
872 447
781 987
656 928
716 752
73 882
256 318
316 742
225 927
636 447
48 688
603 174
36 202
498 946
830 459
545 105
998 653
216 417
933 962
330 617
555 80
425 187
887 159
9 948
985 403
364 952
91 528
368 443
757 703
42 180
170 385
887 12
89 119
622 843
651 841
63 80
247 770
36 316
516 99
939 620
192 919
444 556
472 391
162 288
18 879
38 362
991 772
305 793
88 215
804 309
301 365
283 750
952 751
923 318
331 911
747 82
855 579
228 709
598 751
124 918
106 249
737 73
610 313
870 239
67 750
582 307
380 639
770 425
900 804
318 957
46 652
675 124
125 429
759 850
232 461
607 954
632 174
689 281
86 683
358 652
989 614
295 181
336 426
85 609
593 214
918 669
225 842
142 651
915 137
972 878
5 241
411 135
446 29
673 79
216 526
792 363
242 286
152 714
929 918
489 911
769 589
402 110
303 210
820 40
895 596
809 825
577 901
521 77
78 874
796 465
181 307
925 755
947 935
731 524
515 619
256 838
443 580
812 843
192 836
411 226
710 506
568 415
307 437
683 574
61 126
890 22
463 822
250 169
892 616
930 909
473 974
257 521
652 406
725 184
268 399
397 237
496 680
211 175
563 898
835 937
692 550
35 381
18 629
576 828
538 332
421 584
447 968
193 761
984 284
112 542
729 239
228 761
644 955
589 736
715 557
957 616
689 202
152 332
54 964
63 926
953 414
36 454
764 616
766 170
659 748
336 389
242 894
930 142
582 584
713 399
107 872
56 902
807 365
242 977
439 681
542 234
638 883
833 646
513 992
255 853
161 134
997 208
467 957
176 446
360 171
751 929
757 207
80 26
433 395
599 237
679 21
664 274
29 352
252 367
787 76
269 992
536 844
541 197
908 712
914 57
729 422
648 149
246 484
598 137
711 170
948 360
181 583
481 277
265 564
431 131
731 921
899 181
293 238
204 575
282 849
433 283
538 398
922 865
631 785
598 474
691 164
784 770
801 676
325 174
861 876
37 378
939 911
120 163
120 800
419 771
254 367
143 6
92 461
862 761
6 289
426 809
776 708
582 232
585 84
342 84
736 216
279 608
708 278
860 121
208 947
132 874
426 587
7 26
301 889
837 327
578 857
813 222
101 220
358 709
401 776
722 152
859 977
882 338
510 659
721 976
189 730
367 558
925 198
824 423
203 994
725 617
564 425
279 498
952 459
825 67
786 44
835 280
99 290
907 549
468 629
989 993
539 618
363 518
16 202
181 697
222 335
593 329
385 908
810 771
234 385
775 791
507 807
933 783
614 261
592 143
166 182
4 21
338 715
910 17
746 901
562 762
984 711
363 181
491 120
112 115
939 986
38 335
645 445
139 740
663 201
520 169
79 774
687 199
841 275
288 637
8 121
774 841
832 122
121 229
339 26
804 952
603 67
774 728
675 357
452 938
589 727
754 962
352 14
407 142
46 262
377 2
948 934
433 226
628 434
495 209
685 213
64 545
608 952
529 617
345 868
315 336
582 502
659 695
474 307
777 512
650 286
29 883
908 288
626 913
552 564
992 299
495 456
557 317
299 213
137 306
104 955
871 605
972 756
721 60
549 919
86 878
513 808
532 470
369 410
963 920
927 765
731 404
455 236
304 772
974 97
958 157
321 200
319 845
15 68
702 134
812 578
281 958
599 266
894 834
808 629
666 895
534 305
223 118
647 912
736 775
873 709
911 815
401 82
311 755
826 853
518 647
316 811
479 297
597 150
213 157
252 629
2 502
365 434
956 891
169 95
230 624
216 30
235 970
737 652
98 478
209 991
255 20
934 945
253 427
5 899
836 743
157 239
126 259
336 484
917 610
832 70
19 569
505 290
418 699
607 481
41 960
888 349
550 420
391 140
324 177
956 302
465 269
529 964
768 540
953 528
571 193
510 239
573 531
483 865
564 958
346 427
42 928
557 127
111 135
985 784
858 526
340 793
141 792
932 741
437 129
112 904
702 663
45 444
447 504
920 20
560 11
797 338
836 488
929 218
68 882
342 369
34 958
396 825
146 676
474 41
496 649
479 824
102 529
488 389
930 228
324 555
952 276
328 558
113 808
303 827
13 677
431 682
712 436
859 295
769 723
476 961
593 503
367 516
746 271
551 783
913 488
700 976
807 908
77 687
578 500
944 594
670 412
543 918
275 107
661 711
846 765
541 145
56 261
826 873
23 323
173 722
35 689
222 33
648 472
724 291
875 329
162 788
252 776
771 402
19 601
24 813
761 290
83 266
615 841
526 392
395 902
962 167
416 635
350 276
657 440
123 225
14 591
879 871
572 77
918 417
900 596
116 369
540 403
801 985
451 524
217 868
849 737
921 236
300 799
110 642
737 84
665 247
849 626
150 377
188 932
262 359
397 627
393 613
567 25
73 717
936 589
721 713
163 745
759 817
978 184
432 860
416 25
806 834
932 537
974 436
523 44
245 888
125 146
510 628
593 160
729 623
462 763
17 387
920 927
377 830
798 896
410 961
584 268
678 618
919 884
650 155
707 454
502 710
564 325
801 29
983 269
164 843
574 826
170 36
990 714
113 54
833 285
961 448
899 918
5 263
229 761
91 712
188 294
833 63
144 964
65 326
891 734
486 662
89 328
640 840
878 968
727 977
166 599
117 11
175 495
213 536
988 402
442 378
850 399
285 618
779 649
488 724
918 60
22 481
997 605
465 708
136 868
102 179
374 948
983 542
885 448
35 118
110 670
976 712
352 210
707 484
949 523
226 69
647 180
271 620
619 261
760 76
224 779
99 873
244 326
337 44
449 618
726 202
177 699
430 727
72 431
958 565
81 39
906 80
599 829
46 935
241 345
19 396
160 961
769 377
786 96
846 889
117 887
209 276
617 151
604 955
453 897
868 50
378 500
530 409
432 644
696 977
590 493
494 454
764 416
964 674
753 177
471 620
283 216
928 19
450 683
72 440
791 672
890 365
758 385
855 569
566 692
25 771
672 391
486 547
624 896
307 492
53 656
811 991
511 116
94 36
889 284
905 519
357 126
273 204
184 720
100 366
67 841
841 274
149 691
690 121
895 48
754 880
3 274
405 394
814 46
108 620
372 66
463 309
288 971
291 508
37 704
814 776
263 2
193 962
788 675
568 755
819 803
626 575
756 398
647 41
957 881
355 636
337 921
789 793
497 211
685 664
62 414
733 652
132 387
613 118
119 237
998 560
801 84
431 657
233 634
750 433
293 656
185 511
947 687
307 780
623 274
825 207
592 78
332 457
705 865
651 583
265 256
69 778
587 325
806 161
511 677
294 917
763 4
303 169
476 691
903 910
151 869
31 723
696 186
882 541
114 627
120 524
190 676
601 67
161 930
610 243
614 715
10 941
83 369
669 657
196 560
161 787
148 819
666 304
814 360
616 687
452 745
959 969
18 527
761 103
390 547
675 691
32 671
735 433
239 592
561 264
279 453
62 815
870 861
144 456
59 170
40 265
331 826
210 73
763 799
68 191
715 685
812 702
365 86
116 163
999 344
935 206
452 173
845 946
920 375
375 551
391 962
487 917
347 14
738 693
137 783
510 601
28 732
158 245
492 551
298 250
916 449
4 539
974 379
82 191
212 870
301 755
30 307
752 604
458 738
494 156
904 408
623 299
564 354
216 528
347 458
789 543
317 302
544 734
526 930
13 565
929 916
587 656
270 156
403 310
701 392
95 905
428 838
88 889
910 428
604 641
937 370
477 601
61 922
407 370
138 645
359 661
549 677
41 470
961 5
213 176
435 234
553 435
93 410
350 507
978 960
995 994
620 397
397 154
645 500
773 719
980 5
726 737
305 827
638 267
508 774
1 514
607 294
425 738
210 888
637 831
212 222
378 706
749 593
509 428
753 534
370 440
426 928
598 670
486 25
650 710
58 695
470 680
124 555
334 122
913 278
343 504
399 442
127 513
521 864
64 921
945 768
702 408
826 5
441 225
210 478
294 973
637 69
820 603
472 713
445 118
665 3
293 997
129 844
976 809
281 569
547 818
56 887
650 9
427 240
599 126
986 97
91 783
916 340
668 437
925 2
750 105
792 329
830 385
561 700
779 90
401 255
701 428
630 373
408 820
639 736
243 927
972 390
195 936
240 15
654 60
117 265
574 375
83 696
834 384
212 28
692 998
623 782
679 552
726 893
47 322
487 59
328 384
199 647
917 552
201 103
696 448
22 119
225 121
478 597
348 97
496 948
975 4
922 176
482 208
637 549
875 880
822 665
387 948
356 789
965 143
832 732
561 50
390 420
28 977
487 588
537 57
295 281
777 990
72 464
935 329
202 863
538 661
225 662
778 132
105 168
967 696
441 110
970 50
86 832
512 407
950 313
596 917
941 602
377 985
104 127
801 79
285 214
927 539
843 724
293 763
137 45
242 213
398 127
539 11
801 56
731 315
678 742
790 940
195 614
420 577
882 788
756 781
540 882
464 645
109 165
436 491
5 378
531 757
346 536
727 861
4 166
813 952
195 789
531 335
62 583
790 248
250 239
307 952
318 82
127 167
258 168
131 74
26 188
245 40
946 125
32 517
876 254
922 32
37 284
562 429
447 957
966 395
948 663
849 671
830 682
283 549
358 91
620 778
61 492
274 864
24 691
466 248
818 357
395 60
968 330
895 273
589 678
850 146
491 4
175 849
552 280
954 148
976 580
993 890
637 299
160 657
694 210
112 878
21 428
923 768
945 840
655 557
124 305
487 961
901 685
427 531
561 824
210 422
157 173
365 953
806 538
627 11
258 848
669 306
33 80
418 426
845 465
494 129
7 572
195 292
995 269
462 978
393 201
123 70
206 168
363 599
750 33
592 79
310 646
403 288
721 365
226 837
887 152
122 786
870 243
394 741
666 893
460 358
445 22
393 427
195 979
273 909
499 853
596 621
853 122
360 673
804 594
550 42
843 60
597 89
596 476
409 494
521 12
723 132
912 499
150 286
967 407
329 263
457 474
75 871
225 82
403 988
9 629
215 321
987 966
630 611
718 858
679 752
583 109
723 832
862 434
54 961
231 233
6 899
843 491
865 151
406 239
300 934
486 953
568 962
366 739
737 989
165 604
671 119
556 152
298 293
774 597
563 772
262 377
687 424
608 989
989 208
59 919
991 870
851 179
484 392
780 845
709 177
12 295
608 76
423 287
408 12
742 59
376 896
361 236
295 289
85 765
553 297
589 317
772 995
775 232
651 934
118 470
674 29
241 352
539 921
684 166
243 494
236 54
393 11
820 870
911 329
405 778
642 686
863 721
21 900
43 980
669 56
872 188
622 8
18 138
520 344
811 459
341 370
411 985
13 901
126 790
108 261
679 336
352 831
95 25
613 732
454 51
450 478
143 695
865 759
614 906
566 893
680 700
164 277
869 772
243 166
731 815
274 740
121 65
108 201
753 644
607 289
421 740
848 656
174 36
585 835
948 715
505 121
951 308
226 239
37 468
358 693
850 425
559 147
226 399
836 596
395 870
935 864
628 726
763 845
435 726
537 258
367 275
461 874
297 729
104 569
525 289
859 699
415 137
148 276
702 855
386 385
443 336
766 94
610 73
394 7
983 203
551 519
845 806
457 765
821 767
850 892
119 513
52 462
676 512
751 204
309 473
207 245
239 882
885 662
449 686
218 101
352 350
229 803
360 174
547 642
569 446
753 425
670 883
158 496
677 672
218 135
825 149
601 759
919 743
562 864
284 62
912 895
714 679
678 842
971 220
973 390
852 553
415 981
570 562
900 103
795 859
333 952
700 724
27 98
657 239
434 160
735 946
478 169
156 693
126 639
862 51
31 840
774 977
323 259
176 582
799 550
462 940
459 300
196 664
805 866
164 126
371 402
779 651
687 258
46 126
415 79
679 926
706 792
230 122
521 51
77 493
600 442
490 522
196 461
289 741
732 143
56 728
2 770
759 870
989 393
295 280
686 17
758 718
392 585
910 783
82 899
453 732
937 979
332 995
115 469
747 744
566 44
722 765
976 790
704 805
882 897
911 272
489 665
916 506
702 399
194 254
857 422
820 862
561 590
30 667
396 316
424 758
706 244
697 457
798 668
433 888
151 917
570 615
754 200
184 244
294 111
795 950
597 270
818 621
708 681
782 176
347 487
972 230
576 519
726 989
874 224
970 259
181 600
274 266
39 526
190 654
245 699
910 135
680 884
278 317
524 573
642 250
361 921
405 101
144 177
551 404
425 680
670 918
576 704
260 766
870 997
379 986
190 357
16 10
606 668
534 204
679 813
794 41
340 910
927 503
841 114
415 35
586 866
224 92
526 242
158 707
949 764
144 381
242 592
533 878
911 828
440 531
858 553
984 868
437 170
137 678
642 937
936 662
422 641
559 796
564 618
485 239
418 312
522 162
579 431
913 213
345 293
731 586
169 631
527 260
859 220
405 796
401 420
937 634
299 261
428 679
628 72
103 999
87 482
844 31
458 430
294 56
367 594
215 542
807 890
812 972
247 873
584 947
10 641
934 123
192 892
302 497
583 928
934 202
369 948
443 685
83 642
389 591
672 421
430 405
236 412
754 545
592 396
189 422
999 769
560 82
558 768
154 458
178 500
948 752
311 176
573 221
611 918
595 381
101 716
512 839
965 915
92 257
989 13
594 959
62 813
157 731
693 825
324 188
110 741
501 41
664 561
671 982
305 217
272 830
864 72
576 380
279 677
708 361
671 103
267 101
966 545
423 286
637 462
711 971
327 962
771 674
332 980
149 250
296 284
720 437
186 369
99 560
426 288
160 924
128 442
592 895
521 437
150 783
893 375
829 864
219 360
830 280
472 956
695 598
455 205
920 676
355 969
906 475
925 429
397 985
913 493
656 966
933 994
735 298
377 801
611 280
631 197
725 256
783 160
958 648
329 631
530 575
442 958
95 24
136 465
981 103
798 615
960 302
943 415
305 607
178 807
478 426
296 166
494 841
351 832
246 190
766 929
785 102
438 588
404 724
421 274
305 486
73 169
300 613
304 608
783 612
516 353
782 676
177 849
1 433
600 177
558 143
407 673
705 518
325 488
733 507
276 315
864 374
115 956
707 704
118 561
350 638
955 402
310 455
292 886
261 641
798 440
780 227
709 3
547 248
770 393
2 831
855 856
629 860
478 808
318 605
500 864
713 337
769 199
242 747
224 866
180 533
56 539
664 858
920 196
688 96
343 216
533 120
66 110
677 845
588 408
56 889
370 105
156 300
42 455
649 373
708 912
341 201
432 667
507 49
678 760
385 779
542 283
502 884
820 153
277 896
207 659
308 437
332 275
339 601
1 928
678 986
631 94
948 372
17 446
508 415
118 592
723 684
389 630
430 354
426 701
930 826
956 830
460 653
504 997
395 598
507 746
257 617
723 906
889 502
83 628
88 147
785 211
89 766
662 891
991 741
25 358
832 18
487 394
235 181
426 898
723 232
460 962
157 786
999 47
250 538
537 364
978 486
997 602
27 606
746 858
323 679
767 160
71 873
504 272
449 184
401 994
110 524
639 605
572 801
519 362
429 320
435 979
132 741
188 681
361 171
713 478
452 374
128 68
241 461
497 859
281 618
135 259
973 101
24 132
632 345
794 936
264 659
505 222
374 54
517 904
795 762
885 794
155 603
946 834
256 829
624 804
986 67
643 830
971 413
494 346
830 464
759 346
910 328
164 874
318 151
782 262
605 993
458 282
277 966
169 837
133 290
425 124
868 464
563 258
982 328
929 700
36 642
75 258
640 165
867 152
408 798
588 825
201 854
813 967
338 489
378 806
753 754
403 819
283 281
819 507
912 183
399 907
1 584
330 276
663 58
775 540
151 262
221 283
69 137
969 443
523 942
590 549
19 880
663 443
170 780
101 568
687 289
269 712
41 633
813 395
871 149
802 636
774 510
956 501
528 681
962 886
428 62
447 738
28 896
159 190
633 465
617 820
252 233
694 208
675 165
803 376
825 784
589 279
681 852
690 922
747 727
915 771
238 430
370 94
261 157
617 231
695 476
113 840
117 840
85 426
797 505
34 888
848 76
498 845
321 204
878 472
829 684
147 185
155 325
691 695
433 667
568 170
809 704
976 319
407 363
303 170
456 851
772 99
459 856
305 562
655 310
678 125
292 264
221 766
312 582
922 516
350 2
888 933
47 38
652 116
572 327
130 302
294 709
398 551
737 753
648 286
297 432
49 279
452 724
809 301
774 809
645 703
406 237
68 388
175 416
692 766
288 780
663 412
315 37
49 497
381 557
804 103
93 1000
130 146
558 82
707 628
525 315
582 308
491 565
3 529
187 220
588 795
686 246
713 180
92 215
989 351
497 513
305 442
125 25
417 192
860 172
73 678
720 551
996 444
997 965
127 889
567 471
272 732
759 591
6 45
742 795
579 149
253 294
313 113
24 252
211 782
930 224
750 481
807 170
129 519
539 776
317 347
123 247
531 860
77 730
781 748
83 869
285 781
252 320
424 719
833 309
32 20
470 378
991 204
39 755
827 583
40 910
994 467
937 435
711 82
17 98
476 513
442 657
302 381
596 733
805 106
274 738
115 752
906 661
611 334
535 454
495 517
222 839
211 291
762 184
321 566
560 934
239 512
614 233
480 145
488 764
909 798
16 83
771 197
245 256
62 974
528 62
966 352
103 364
612 844
775 778
483 816
157 559
572 798
404 154
932 366
366 230
200 125
974 9
480 733
485 860
275 525
16 909
76 615
883 81
59 778
704 684
669 470
137 765
188 372
391 688
198 918
863 896
217 696
109 378
294 276
87 327
411 665
786 967
820 206
857 993
955 808
301 932
67 964
568 243
825 260
720 555
728 505
119 588
375 366
809 792
911 641
132 11
625 32
109 847
476 630
522 526
584 847
528 975
361 786
550 112
899 184
848 592
260 998
544 185
247 630
430 466
32 909
572 254
349 51
760 390
329 813
619 189
162 534
415 440
681 274
866 782
922 12
540 499
335 241
248 201
598 697
309 982
71 731
337 501
279 526
463 349
732 794
1 190
441 439
25 48
263 26
215 381
624 27
73 284
827 103
332 575
561 55
724 997
305 79
543 200
988 978
917 90
149 192
462 313
266 108
962 500
768 998
698 107
21 369
355 580
184 220
546 167
324 329
492 731
38 587
522 140
171 54
836 300
802 396
302 950
904 452
336 6
65 984
781 770
290 313
813 698
659 346
772 731
114 391
542 485
247 97
29 174
655 142
942 422
414 632
226 700
47 958
639 816
14 173
142 102
859 400
933 953
971 250
840 744
611 339
773 64
132 88
613 641
248 843
658 384
513 828
243 996
817 552
965 633
897 413
766 655
437 972
502 226
420 177
390 793
356 867
378 807
914 331
870 520
926 782
818 943
508 841
119 254
382 886
809 304
945 339
872 64
667 190
779 600
690 117
710 112
827 820
80 899
123 853
413 619
585 234
876 415
241 940
554 663
741 535
888 437
172 278
64 695
396 718
269 600
465 437
685 745
756 27
629 787
928 826
806 831
110 408
7 293
996 409
465 87
11 207
927 821
198 545
128 33
133 816
6 70
355 608
828 781
508 958
794 909
544 1000
318 455
800 578
266 354
384 561
405 669
474 588
30 362
177 790
930 332
82 156
246 660
191 317
618 619
105 564
379 53
986 215
90 380
354 269
65 198
456 875
658 341
507 873
319 558
576 613
959 542
361 857
740 406
550 41
493 632
645 267
136 277
415 717
378 827
696 412
3 84
286 344
32 548
567 249
936 26
679 834
409 190
528 157
838 161
917 734
535 131
244 198
462 181
779 725
249 808
638 306
784 109
715 519
684 718
122 147
884 187
379 710
708 766
452 26
897 947
737 188
793 66
991 867
741 668
357 131
728 553
515 397
314 214
244 267
270 693
821 199
459 120
422 592
561 200
136 400
263 256
470 900
641 80
385 247
720 439
298 853
975 573
579 508
301 864
977 381
307 545
459 426
646 82
464 4
601 709
33 113
200 542
28 227
561 571
449 481
784 513
234 805
760 928
80 195
670 374
964 599
863 355
998 174
460 310
178 963
394 644
536 268
813 197
78 876
317 12
882 520
160 457
627 981
114 512
922 629
709 939
302 275
654 36
964 900
573 31
164 272
665 898
995 998
779 821
193 288
348 471
606 204
532 695
602 236
648 501
407 989
139 547
446 957
939 222
985 907
554 954
168 241
496 686
590 9
67 773
63 82
178 406
554 589
519 973
22 111
683 627
615 868
213 752
966 470
714 439
404 923
297 589
462 145
217 532
515 203
594 816
323 858
395 121
789 153
519 256
760 39
813 99
844 745
376 816
72 41
923 860
160 732
141 823
402 633
167 827
774 225
206 807
464 194
281 396
449 562
223 608
975 529
358 573
181 28
812 338
617 190
289 139
237 213
299 318
191 228
798 680
808 788
940 308
333 595
62 19
688 430
369 450
626 406
22 749
994 658
811 296
178 999
952 130
826 679
937 743
578 68
100 896
224 374
327 155
683 899
23 354
652 594
529 281
730 426
723 796
326 465
454 26
790 854
630 131
278 276
500 492
190 608
809 285
106 615
680 810
115 719
335 466
265 792
205 962
496 714
746 678
840 575
938 254
37 501
884 808
870 847
942 72
382 53
111 601
929 62
732 795
607 693
756 145
611 654
352 426
851 255
724 887
104 536
162 360
879 725
361 24
805 675
310 195
631 337
1 529
287 689
54 196
719 722
744 486
797 356
543 384
394 137
413 123
253 380
739 685
208 163
996 196
890 835
945 514
398 320
478 740
679 32
829 932
21 743
286 658
958 792
816 817
925 113
534 813
713 655
242 209
579 210
998 837
503 26
57 796
55 889
294 19
290 938
114 358
497 374
726 5
208 751
192 740
347 724
574 53
820 413
89 397
622 801
153 616
333 810
355 334
47 12
412 671
883 912
334 984
887 756
368 441
84 7
800 304
749 755
587 152
672 172
40 101
11 548
528 714
670 917
657 490
452 754
787 667
496 758
867 457
837 225
620 247
141 298
530 444
645 725
525 388
766 296
71 702
681 670
180 826
452 39
187 178
391 68
963 553
125 386
91 286
130 565
148 698
620 699
345 671
163 778
699 204
257 465
245 906
980 723
374 855
272 754
13 813
183 452
573 860
906 113
531 612
453 846
230 994
646 119
370 92
212 361
218 88
737 337
677 660
663 847
660 934
274 169
935 220
849 383
915 80
460 275
852 765
389 793
692 102
30 517
363 472
222 301
629 910
482 422
377 500
873 719
565 257
56 367
517 430
888 824
80 405
43 539
156 986
875 466
714 988
52 795
572 466
141 863
24 46
715 506
588 836
791 929
459 696
853 344
473 612
420 37
918 300
866 981
614 607
279 226
687 225
799 507
286 714
452 726
923 311
581 319
887 746
965 912
268 192
253 926
205 7
689 854
227 787
466 73
818 178
879 559
25 126
154 794
780 250
984 549
894 232
10 55
996 600
92 520
732 114
879 269
441 351
8 790
614 106
375 546
432 182
361 208
548 332
987 164
126 397
128 159
826 106
264 591
910 970
693 506
418 304
293 972
119 430
428 465
739 741
132 477
280 360
356 51
618 682
217 723
638 877
501 651
216 533
192 179
539 875
773 229
552 238
412 3
910 262
760 726
543 463
278 699
502 926
982 404
629 448
403 689
9 810
854 210
69 634
915 330
296 282
801 439
711 76
617 150
398 999
916 864
923 68
227 632
459 676
887 700
637 841
538 343
899 124
973 947
387 272
795 447
101 668
624 171
495 628
645 657
463 458
232 852
508 737
942 45
974 962
524 949
885 231
654 528
452 1000
144 297
43 908
438 143
104 573
505 546
841 190
586 861
712 907
659 644
237 656
291 264
992 395
385 211
59 804
998 177
566 504
404 932
310 151
292 678
727 194
985 999
630 907
556 42
519 182
958 914
959 447
289 585
736 920
164 915
238 100
66 125
632 431
636 399
640 484
678 620
823 589
105 610
934 341
419 1000
114 496
871 101
164 704
86 157
824 908
982 432
255 662
826 676
518 694
633 578
373 839
411 86
708 614
583 980
624 779
359 94
117 322
522 524
869 979
179 163
224 60
938 732
244 635
636 206
634 207
815 118
162 818
40 138
430 995
245 95
39 107
453 98
75 944
918 468
212 255
178 443
514 289
173 945
336 783
746 822
749 961
491 977
864 277
850 280
528 28
432 385
15 870
969 503
864 388
480 413
797 976
928 929
107 670
291 343
384 211
573 597
7 19
543 109
121 526
876 746
842 598
756 432
280 19
797 754
798 181
840 75
824 592
107 956
242 925
432 973
363 947
253 379
845 87
243 317
850 751
869 81
911 284
364 543
740 194
480 840
65 990
198 658
897 471
77 783
722 580
964 942
411 871
803 925
660 882
826 614
869 644
576 748
259 712
441 557
282 619
924 46
576 964
674 517
472 149
511 796
410 608
136 492
579 896
193 205
840 896
360 586
770 631
329 413
937 222
277 677
857 919
291 985
809 20
652 454
231 371
141 71
587 155
827 616
314 525
866 974
961 994
654 319
438 317
17 407
148 660
975 193
870 921
27 785
781 144
552 557
596 121
589 720
222 575
261 693
776 743
289 532
827 20
900 840
577 973
941 100
500 820
907 220
157 533
604 418
814 621
594 136
564 848
67 280
485 9
694 215
197 901
778 124
379 395
395 366
440 373
702 589
7 789
216 796
12 749
896 56
609 559
977 67
107 100
450 197
686 646
889 925
255 874
881 687
823 516
817 619
656 823
894 619
164 826
312 13
275 131
378 274
803 953
273 870
437 667
111 500
78 743
119 9
856 761
947 802
711 325
140 161
863 414
294 911
192 705
728 435
212 268
969 911
507 984
848 461
700 553
937 169
408 921
526 149
711 107
934 206
886 102
373 81
389 732
283 329
268 483
676 480
774 925
294 587
455 951
141 252
14 634
680 114
473 660
827 997
476 205
421 604
776 421
447 988
103 46
875 17
362 228
415 114
73 111
990 482
115 932
6 597
818 179
175 636
774 734
555 812
97 482
905 993
234 77
371 108
772 683
690 712
271 625
898 285
811 612
421 553
888 177
129 201
148 83
372 497
708 11
158 108
147 285
630 940
976 835
849 203
831 335
209 180
372 608
886 626
987 69
950 331
646 80
405 590
263 544
198 843
705 549
159 864
733 472
111 411
646 370
302 708
303 373
553 522
536 888
62 196
431 401
587 359
125 700
476 766
94 309
520 300
739 160
170 365
463 992
193 4
726 942
985 96
665 203
471 769
865 522
285 733
622 734
810 300
310 40
363 114
770 942
829 113
27 955
571 550
112 257
974 545
131 905
919 96
782 680
107 672
794 250
813 302
396 810
830 723
892 949
822 516
805 986
202 353
519 604
222 612
447 577
382 110
348 10
497 704
866 587
128 768
489 100
197 827
404 251
672 879
805 653
261 431
56 543
509 859
627 168
720 518
314 347
996 339
599 527
318 675
512 274
877 592
16 673
668 749
981 594
512 338
397 897
708 781
935 22
648 976
367 944
333 704
427 263
891 314
937 438
609 817
95 858
8 138
522 856
83 770
815 573
542 287
189 370
105 643
839 472
537 850
547 969
739 220
406 765
9 837
429 564
319 608
378 44
660 556
420 777
208 547
66 897
529 287
32 785
711 51
363 193
421 417
64 226
716 281
299 781
539 115
888 591
260 624
193 435
856 237
567 513
171 816
944 624
568 528
919 194
590 631
410 295
875 985
128 540
372 117
942 185
413 463
177 65
220 33
993 231
421 886
371 183
465 334
229 317
470 569
767 829
91 308
453 421
220 464
150 399
542 925
689 127
294 437
236 842
954 109
426 450
707 879
279 862
393 795
536 325
480 619
779 219
842 777
648 750
100 403
618 336
671 494
938 347
78 494
542 89
801 65
911 140
897 470
575 19
741 231
481 272
692 285
34 707
697 756
846 610
260 385
652 997
700 919
17 269
53 455
41 391
683 848
777 283
62 367
249 356
475 679
857 101
251 306
938 309
188 449
800 24
463 841
579 528
657 206
565 461
622 662
606 251
862 396
740 613
999 792
329 254
756 569
758 65
121 124
362 382
642 348
850 475
837 239
418 898
500 23
201 768
252 895
305 993
81 952
64 650
466 242
747 143
90 646
306 587
219 982
993 771
832 655
951 531
860 85
708 385
941 975
21 438
295 315
980 733
450 288
12 543
767 567
608 132
295 136
651 944
854 665
10 501
842 813
293 935
773 493
522 175
579 402
985 591
437 504
39 20
305 114
262 765
108 633
381 555
644 493
313 418
612 441
609 236
583 744
18 160
167 257
613 849
83 826
9 931
156 54
857 167
666 839
630 444
653 587
730 334
715 974
401 74
596 619
65 485
874 885
891 945
620 273
568 396
717 725
791 818
204 1000
387 24
665 835
778 939
709 581
94 970
107 255
89 280
877 271
575 600
320 68
16 333
288 546
961 973
67 810
526 295
36 23
776 422
21 501
763 566
549 741
815 348
645 183
76 955
221 190
919 440
831 805
478 535
637 630
933 774
569 782
533 939
167 605
225 276
120 62
28 881
944 486
309 700
205 261
421 782
337 323
588 106
379 584
811 615
43 497
12 428
50 763
841 732
310 137
37 975
167 784
495 391
996 440
577 223
425 90
384 954
313 4
859 17
139 953
128 447
703 896
587 939
474 160
25 730
726 338
29 226
342 107
380 282
504 610
223 188
541 71
731 377
222 380
887 122
37 199
412 396
659 117
403 691
422 253
265 694
967 83
951 846
222 414
114 575
888 854
740 735
144 808
623 642
58 890
807 635
994 94
387 116
61 117
658 233
731 805
550 475
60 179
353 191
650 116
732 748
411 283
749 697
42 757
24 932
79 966
871 539
340 274
2 103
828 63
701 807
480 149
408 434
496 911
23 908
689 880
11 844
193 865
269 524
898 220
148 419
963 586
392 885
214 676
134 924
403 557
371 75
353 724
546 445
405 798
79 427
16 343
825 739
160 39
370 128
725 890
466 623
285 425
384 902
501 801
636 282
696 724
472 639
164 925
971 615
46 824
812 333
663 833
466 657
927 556
832 41
626 179
972 907
848 121
354 494
542 397
602 184
754 79
699 690
919 765
167 376
61 725
977 948
262 596
344 755
410 921
696 940
659 32
143 499
610 526
203 172
276 720
761 650
636 222
415 979
805 327
695 855
899 926
347 717
866 343
122 199
216 128
731 611
517 484
922 596
891 889
340 225
378 924
160 327
743 375
956 827
169 415
26 304
814 457
173 447
869 802
636 531
736 661
218 884
865 503
960 141
403 794
979 379
135 999
726 516
361 560
933 342
535 486
461 597
500 141
283 673
509 329
36 47
426 911
596 103
62 799
858 906
451 464
568 896
737 31
261 863
978 483
615 26
373 475
447 612
12 135
569 838
552 404
276 380
853 850
267 83
567 196
401 997
291 345
681 577
224 916
171 767
357 714
675 63
607 852
585 254
686 413
232 270
51 978
803 323
239 85
441 6
512 511
110 226
863 992
8 526
601 657
985 626
821 412
988 611
886 690
940 510
588 264
842 1000
688 510
624 564
104 245
359 871
986 255
199 254
368 314
55 890
884 405
616 80
228 286
873 583
433 882
565 185
716 59
19 221
652 787
234 103
854 169
412 363
150 230
883 996
402 337
442 738
761 384
84 147
472 437
40 217
882 576
481 441
706 690
891 754
692 961
683 654
500 370
176 536
853 306
583 510
953 801
680 39
154 146
317 614
108 329
428 32
581 998
944 379
908 414
803 176
253 217
658 757
112 647
77 395
149 14
794 469
851 156
10 324
594 134
686 334
388 745
428 919
162 506
579 707
754 550
923 793
493 381
241 492
902 113
599 985
846 818
280 271
172 997
720 237
459 275
209 360
581 887
800 693
489 520
643 769
56 165
20 448
572 673
839 381
752 557
364 803
200 708
238 892
792 392
136 172
9 930
356 463
968 713
365 135
243 855
852 623
459 863
578 139
230 926
47 188
675 895
365 425
955 358
815 187
212 275
670 730
292 388
477 896
393 809
835 806
761 254
465 969
871 321
598 539
931 692
727 197
255 236
292 122
165 756
168 822
45 862
35 216
864 352
38 525
538 225
666 474
903 475
132 757
342 313
763 678
687 95
451 424
824 974
676 87
367 260
738 504
387 612
581 718
953 543
480 541
202 557
499 37
410 574
695 123
935 552
742 50
214 635
140 634
572 597
662 683
738 845
388 588
704 581
924 654
764 973
357 97
621 980
34 68
381 379
938 510
167 992
389 422
172 826
507 461
253 289
937 702
439 716
760 715
747 873
108 975
825 17
256 276
461 485
377 922
673 69
432 757
659 150
648 901
815 539
473 854
682 172
367 847
960 518
264 29
728 482
17 315
435 821
94 315
955 993
126 872
198 277
143 700
365 508
630 264
218 48
99 208
677 696
175 15
986 632
571 858
364 180
844 366
496 452
481 368
500 231
37 251
574 466
364 346
607 302
723 869
265 881
417 714
60 712
553 230
738 186
488 898
804 60
373 341
606 893
662 947
741 986
335 137
34 420
862 666
102 301
885 347
483 823
271 72
876 626
91 298
932 300
1 198
76 702
292 963
226 435
832 712
797 634
837 802
200 98
110 485
77 292
719 853
927 888
918 597
208 300
870 370
394 145
767 718
720 407
350 726
388 951
670 37
780 733
285 89
821 391
405 608
377 965
817 544
512 50
786 945
968 980
795 378
42 449
955 836
816 664
708 559
621 363
290 531
29 374
711 382
971 213
19 192
496 179
646 495
406 512
227 37
930 594
42 775
772 401
829 320
723 709
868 314
27 202
501 319
855 556
515 689
863 97
888 883
192 954
255 555
302 307
195 801
678 190
865 389
151 26
1000 912
175 144
16 263
507 736
585 644
183 741
473 326
919 17
1000 831
305 863
396 114
321 533
840 547
221 116
667 838
157 748
654 576
14 931
475 457
404 955
282 283
266 932
566 296
353 646
578 808
747 306
345 790
396 694
699 55
354 988
685 120
888 124
524 186
807 721
530 955
15 513
567 116
515 457
99 912
116 786
157 336
819 895
567 485
650 466
578 990
959 335
300 312
696 525
141 936
381 291
722 289
134 179
651 999
587 997
713 546
806 577
858 512
664 90
385 591
886 691
450 111
161 569
26 814
680 727
48 542
711 461
927 656
604 547
8 508
778 704
30 557
471 997
700 913
645 112
223 4
138 754
929 709
930 630
496 46
832 392
482 113
20 76
563 264
568 498
161 556
94 130
939 637
377 398
657 204
527 871
387 79
559 173
339 966
442 700
809 170
60 116
504 886
529 27
197 445
549 40
988 472
1 578
808 110
776 396
814 196
567 916
948 650
533 548
1 499
131 848
297 632
337 443
562 52
28 760
509 221
864 308
791 349
119 453
469 907
73 338
58 486
920 501
168 634
724 919
712 887
146 773
840 876
337 246
870 472
67 285
506 807
471 103
128 183
141 975
579 374
855 477
324 283
676 752
825 794
698 8
147 258
158 228
941 660
210 414
63 231
587 816
114 194
531 500
998 606
67 200
108 996
80 77
744 228
392 217
366 11
527 269
363 702
437 375
773 141
852 650
997 367
910 302
35 976
363 591
293 360
864 700
556 674
406 601
983 493
469 55
882 816
961 391
981 76
543 821
866 284
231 434
268 696
736 880
350 4
953 536
210 619
963 954
781 374
415 712
532 664
886 101
267 627
563 2
800 336
140 209
13 93
678 337
383 469
222 877
780 257
304 458
231 225
128 696
980 452
827 998
975 166
995 572
338 233
838 154
452 865
738 348
228 712
120 977
407 523
174 242
345 940
344 537
936 829
451 526
595 96
419 342
537 479
521 994
439 779
426 614
395 417
894 127
556 284
63 670
509 948
366 807
901 632
82 294
64 805
49 660
203 582
774 137
45 451
871 635
72 383
204 157
704 867
502 869
8 711
686 692
285 229
930 250
163 665
220 990
725 567
479 529
471 591
976 499
706 132
623 327
165 369
259 756
632 740
268 638
34 632
207 635
333 908
91 480
165 843
264 380
30 775
18 823
764 645
542 98
723 518
761 447
84 212
824 922
625 280
633 332
24 823
720 782
614 748
592 211
513 313
505 490
801 661
786 249
115 244
559 458
652 280
672 678
417 713
325 64
371 446
614 462
566 518
275 836
315 71
691 297
944 693
983 524
931 945
344 757
96 86
315 436
944 260
515 351
55 398
245 556
874 92
275 659
920 348
150 593
361 63
340 839
559 557
702 697
426 380
134 69
409 586
393 845
694 13
401 682
932 914
599 896
622 355
860 428
87 662
924 945
587 585
659 324
80 21
506 275
693 109
607 728
720 69
259 579
479 566
485 70
131 413
481 576
193 116
318 752
599 452
658 406
666 629
259 353
492 870
655 455
74 288
493 682
649 826
340 868
305 636
583 97
329 374
457 265
544 191
893 31
782 792
842 15
441 11
404 614
576 255
81 695
142 648
973 866
1000 847
819 277
168 353
956 138
481 238
552 7
970 826
426 796
334 445
906 514
500 941
868 835
396 288
879 611
974 845
478 892
372 231
580 460
50 219
690 316
317 825
862 518
684 290
371 41
887 316
419 511
595 886
172 221
870 396
840 79
234 418
20 89
332 795
336 478
955 511
781 939
211 863
695 497
897 442
423 146
337 853
467 866
19 1
129 577
161 336
824 144
368 316
20 413
282 708
924 187
122 322
616 225
84 447
263 920
16 475
571 935
381 983
402 316
298 509
905 339
139 819
897 412
383 210
238 563
795 172
162 334
981 137
18 895
537 789
277 268
409 394
654 144
87 907
487 86
73 230
398 765
165 734
205 993
206 394
978 675
102 363
801 120
3 284
222 912
426 865
500 18
672 605
837 125
951 485
370 514
723 122
941 207
286 284
767 845
640 933
628 389
772 687
189 492
124 574
346 474
71 987
206 70
284 916
486 470
789 77
3 728
760 979
264 301
214 109
376 988
682 20
492 678
918 530
300 285
798 452
468 678
492 565
842 808
369 262
760 689
691 881
780 742
488 404
198 867
894 540
860 404
974 813
167 220
449 121
103 910
34 883
695 586
256 441
169 904
394 539
40 635
702 141
649 7
902 947
377 734
194 508
913 394
860 873
125 660
203 118
611 373
973 582
212 264
179 449
165 190
38 388
645 228
803 785
5 325
672 78
982 367
86 400
455 293
207 388
446 568
507 570
861 903
259 87
334 569
799 593
446 907
776 863
435 438
535 443
518 815
784 837
235 229
218 989
183 861
3 235
840 238
280 612
102 43
157 802
733 495
440 874
44 190
131 847
813 343
488 534
675 266
384 369
115 857
331 820
461 893
559 644
339 289
858 755
529 945
179 712
448 743
214 526
768 646
521 811
842 539
699 126
594 104
120 287
138 386
964 10
733 851
684 121
152 26
120 398
860 346
38 570
507 463
125 884
328 714
392 359
66 322
285 228
911 336
38 996
702 335
958 213
764 28
113 950
976 500
703 99
119 120
118 33
87 414
825 241
333 570
635 134
947 53
169 134
920 586
703 321
515 599
454 161
928 658
691 494
360 646
970 323
832 352
26 475
678 227
793 635
973 989
443 830
960 452
98 946
378 857
624 81
738 201
222 846
451 616
110 943
884 722
631 551
987 731
71 748
224 173
774 106
581 175
528 53
141 510
438 128
921 106
543 231
581 48
582 267
110 632
348 181
974 225
560 885
263 188
429 340
379 617
306 737
400 614
516 828
647 218
638 925
785 853
698 94
57 334
99 967
426 381
428 291
512 278
87 126
403 209
954 951
793 499
812 441
347 258
989 719
646 48
560 433
755 302
539 749
920 793
540 578
997 341
604 601
940 309
169 960
80 165
377 549
263 806
255 524
113 35
41 286
540 864
722 895
799 981
491 362
91 596
826 673
60 413
244 674
804 587
861 557
498 705
943 443
675 825
53 994
420 132
611 107
459 758
460 645
714 864
663 185
230 646
123 562
951 738
608 418
576 240
615 817
898 826
884 822
480 180
136 896
301 58
619 67
70 377
474 926
918 203
979 971
118 533
774 724
324 929
23 514
376 227
15 914
162 354
182 97
419 273
404 155
171 752
500 844
397 666
551 589
257 463
958 593
242 278
997 949
727 268
286 82
385 419
578 988
6 93
745 53
162 183
879 38
428 406
266 329
530 746
233 323
729 706
631 502
47 609
821 10
712 503
622 94
825 184
419 907
739 798
830 427
393 292
69 795
125 655
308 401
816 515
522 715
942 976
947 890
198 448
843 957
806 3
772 119
51 270
812 880
304 883
446 690
340 145
855 562
344 84
880 390
556 608
156 867
486 734
621 145
392 794
145 963
22 860
294 721
118 949
501 51
719 437
192 166
116 82
174 245
538 281
151 286
176 746
28 587
144 72
328 309
93 107
424 321
466 129
41 725
286 498
552 484
382 91
796 41
357 775
35 770
430 941
236 900
874 985
223 994
224 964
650 544
997 759
67 654
931 217
879 759
681 930
423 365
910 833
660 360
445 646
85 751
820 630
638 981
140 544
788 404
96 492
404 413
668 674
134 2
392 509
622 425
931 388
560 490
158 279
660 61
661 356
298 922
891 265
485 456
67 184
878 113
138 392
99 330
636 35
531 953
60 615
79 385
872 217
483 520
708 615
604 688
199 108
165 300
930 786
442 931
630 432
795 877
562 944
653 583
104 498
623 517
982 680
190 475
429 632
753 948
535 724
994 438
244 521
634 145
597 11
84 178
984 64
503 568
87 825
952 926
916 164
369 572
38 944
373 92
69 307
87 942
990 197
226 270
245 18
581 424
709 355
466 432
555 914
628 708
511 448
794 18
137 781
154 245
379 878
159 100
144 451
421 123
970 883
124 413
634 708
634 726
586 803
607 651
504 791
392 812
618 208
214 527
710 640
254 520
533 137
861 364
759 801
465 27
587 818
432 172
694 180
641 56
147 435
131 95
851 411
928 716
358 697
141 925
860 347
73 575
863 916
204 279
794 633
119 420
798 1
747 683
938 396
668 565
211 790
893 270
930 248
436 113
988 550
516 365
480 885
464 394
891 277
375 124
495 518
108 638
274 135
611 809
765 677
677 515
971 298
717 770
406 635
83 986
230 863
467 635
592 180
773 897
624 655
938 851
936 19
174 737
934 514
933 92
71 611
896 974
89 376
632 492
748 660
330 114
41 253
583 157
490 380
342 757
145 335
331 612
453 249
317 969
637 820
460 64
126 299
41 927
649 728
616 773
391 343
747 45
16 113
798 719
76 987
112 484
98 587
707 715
465 724
317 683
727 660
286 458
612 884
979 97
853 954
547 227
520 681
28 659
149 180
633 401
483 534
543 4
394 13
858 502
50 667
234 332
793 321
465 144
693 472
567 307
879 13
590 581
403 166
684 237
509 696
989 718
836 992
794 972
669 240
542 102
380 203
503 211
341 208
34 696
590 413
543 987
469 124
755 596
138 733
530 331
848 168
4 38
321 942
948 381
531 207
952 888
39 540
725 13
527 827
160 347
74 433
598 4
386 789
95 261
795 115
563 207
529 419
731 773
516 191
135 515
562 301
726 536
892 752
896 857
733 308
844 627
5 975
62 688
753 109
177 154
857 712
839 936
553 199
258 509
150 55
615 897
357 913
412 886
16 183
969 23
527 411
864 299
849 569
83 735
546 763
283 963
547 270
250 658
514 93
58 449
646 582
349 350
813 47
120 122
177 469
106 437
397 850
557 42
6 816
922 345
428 226
653 504
419 481
388 624
931 282
346 230
992 284
918 963
262 1000
729 47
526 724
364 533
147 201
4 710
81 317
378 393
413 406
324 599
461 71
682 833
129 583
996 33
531 924
604 574
242 347
872 254
925 364
764 436
32 485
753 173
558 368
423 579
174 575
549 657
472 155
995 73
502 75
268 219
554 200
80 575
118 27
446 514
400 182
364 255
58 830
972 510
919 193
135 726
248 416
523 972
911 621
71 256
420 8
793 562
278 186
465 993
466 314
700 71
412 811
539 903
103 353
738 353
342 293
193 700
601 449
98 627
231 863
546 543
214 881
548 113
76 882
370 403
234 575
300 268
239 151
923 876
375 599
102 949
103 452
582 626
486 423
58 182
253 300
650 402
7 787
381 471
985 545
534 608
539 950
612 320
314 399
423 35
688 176
194 169
823 514
384 753
556 895
561 535
548 613
217 873
569 508
551 180
455 227
192 569
744 118
851 826
583 743
397 678
350 862
811 472
479 126
683 706
285 977
364 96
750 159
753 73
809 719
4 111
730 331
616 767
217 180
914 114
678 27
971 111
266 594
758 277
78 907
304 784
450 562
382 553
737 558
122 106
196 917
838 364
144 888
416 765
364 227
960 506
27 981
389 710
12 79
640 780
914 423
473 706
348 879
390 908
822 116
377 137
359 41
861 167
476 203
956 221
850 440
67 958
383 308
442 198
15 823
605 211
550 636
689 216
62 938
15 932
16 782
851 188
528 233
554 739
196 15
968 480
823 930
590 859
457 637
295 325
23 698
730 550
716 981
573 776
812 64
836 78
659 591
344 566
149 369
133 796
814 637
198 818
659 382
327 730
556 972
833 625
318 491
569 786
229 820
125 995
242 129
461 481
228 508
565 987
103 940
967 923
234 813
240 418
682 793
994 535
389 213
714 694
752 589
42 11
207 727
49 797
726 49
69 722
159 908
75 65
806 81
593 652
161 632
914 86
327 175
705 123
83 571
429 603
13 156
149 340
312 619
408 874
335 337
616 473
356 860
840 813
508 939
255 430
634 37
961 819
840 700
14 681
662 853
535 473
224 321
448 793
987 684
328 511
662 964
420 471
594 518
996 950
747 44
428 983
437 769
830 56
851 189
482 747
999 402
585 170
645 956
256 440
7 407
245 696
193 789
395 113
628 511
634 584
410 542
28 961
544 478
382 370
738 762
176 24
138 675
324 463
349 908
155 811
45 403
621 948
347 151
220 671
313 43
612 649
788 60
458 699
560 435
730 482
265 25
711 596
57 159
864 537
973 345
521 296
902 863
213 292
678 66
346 839
440 128
333 587
601 971
640 281
289 493
809 758
967 494
331 118
848 156
174 544
303 132
939 388
578 92
83 614
584 862
941 266
674 619
271 459
221 652
494 640
355 346
252 864
30 870
623 685
681 238
222 14
905 534
815 127
843 334
459 633
740 990
689 548
156 575
359 387
178 35
272 36
109 761
512 267
741 792
830 555
93 5
738 346
338 172
953 889
554 696
119 954
429 404
785 388
35 101
385 22
633 338
205 826
374 816
231 665
180 989
396 690
111 839
78 52
742 111
789 54
771 599
495 85
909 765
441 915
213 917
49 74
85 698
964 211
234 560
769 475
402 740
60 904
446 229
47 328
401 548
38 979
845 33
756 716
411 719
346 936
720 149
8 273
155 706
47 976
964 512
511 551
916 739
539 632
995 362
317 362
657 533
986 875
532 307
773 951
879 830
703 266
689 172
283 215
969 916
843 959
644 519
772 113
499 837
233 690
101 703
66 844
531 759
913 205
94 134
39 515
478 225
796 158
504 924
359 294
985 211
914 305
753 799
899 159
131 41
64 196
355 455
122 454
168 153
97 21
468 908
546 971
343 899
897 531
871 228
61 410
136 559
46 54
343 624
35 291
289 190
97 110
704 178
135 772
173 209
943 925
625 516
359 234
822 710
184 938
867 687
137 864
12 160
362 941
205 337
646 547
538 936
496 859
447 276
401 383
436 603
383 966
98 850
580 178
108 429
149 235
418 762
104 235
124 325
180 727
253 423
555 389
673 850
858 350
968 818
132 481
404 270
596 17
730 788
569 402
494 141
855 807
119 956
493 967
835 179
428 523
346 908
610 721
938 200
167 174
902 807
192 570
744 119
981 886
820 180
387 624
281 904
634 685
94 320
994 338
61 905
87 417
545 836
161 814
330 890
653 726
88 904
86 407
643 448
938 26
97 298
505 97
16 308
911 723
917 914
898 156
313 874
631 830
286 675
567 726
416 621
629 265
803 348
749 608
952 766
46 82
802 692
69 83
3 381
353 992
997 567
390 687
943 945
396 276
236 603
332 666
296 640
381 921
82 113
894 16
141 552
699 2
791 466
775 937
893 968
716 839
263 234
927 131
132 831
876 654
464 223
47 139
708 114
12 569
989 691
741 502
523 143
34 944
676 615
493 237
241 284
259 845
521 418
480 920
924 937
29 75
34 803
988 544
755 343
351 352
356 138
547 611
588 333
237 121
274 133
728 259
523 506
322 153
685 907
535 935
973 406
647 597
726 54
138 551
390 41
107 984
56 566
919 437
905 287
134 699
138 694
478 581
19 393
717 610
477 733
693 634
835 747
486 533
527 801
464 896
740 596
814 439
597 45
249 151
632 201
658 227
140 331
456 599
238 295
614 736
874 629
231 176
80 806
27 801
6 89
850 413
353 915
689 793
83 118
11 757
908 125
452 420
136 886
286 456
418 244
288 913
163 31
797 964
745 403
928 925
840 377
564 864
340 988
456 241
828 633
478 934
764 639
642 821
167 818
775 179
873 17
525 904
327 552
831 360
544 954
376 646
485 300
656 584
860 424
546 959
132 441
834 783
12 771
881 360
552 792
636 808
78 516
480 787
194 1
267 727
967 894
934 333
717 851
612 127
243 756
686 950
526 907
415 840
623 907
293 300
477 543
333 987
762 192
915 257
368 498
725 410
970 275
431 735
351 692
169 112
8 178
852 787
355 349
184 861
108 3
387 86
763 313
767 273
415 652
425 696
300 572
531 808
162 957
589 962
169 580
348 848
187 338
171 809
596 254
615 818
124 783
306 380
3 292
371 414
563 796
430 805
687 368
866 759
336 918
766 388
608 802
497 741
510 918
975 789
784 65
555 762
179 521
333 200
885 427
450 420
642 806
400 581
371 986
414 170
141 850
863 857
391 137
997 3
600 851
30 90
938 435
205 240
784 25
18 405
313 183
67 552
291 13
346 937
540 878
868 22
636 26
360 773
8 481
528 11
268 947
394 754
289 392
893 679
479 405
234 100
484 637
179 489
878 293
806 6
399 191
9 874
784 544
913 204
786 82
476 556
574 141
832 316
649 858
868 426
545 921
99 312
450 607
326 42
787 964
572 438
402 474
421 334
114 976
922 805
248 418
800 329
393 366
306 62
605 442
33 633
537 906
20 836
481 44
800 440
969 471
1 581
993 457
316 346
524 791
701 603
727 888
158 557
912 49
287 203
490 453
221 83
645 721
874 367
196 375
841 126
845 606
25 105
101 446
598 834
486 232
219 815
358 422
883 324
811 739
331 925
650 559
444 724
926 304
656 468
909 574
824 246
148 208
186 15
775 981
23 656
872 610
662 457
208 624
632 162
136 493
376 992
675 174
293 991
537 145
974 510
150 652
11 342
12 741
604 847
559 755
989 643
341 444
856 820
817 530
746 392
638 698
185 408
672 68
707 511
459 230
985 131
797 18
433 775
967 503
989 982
939 289
212 677
967 215
215 530
436 301
801 603
539 500
852 629
686 430
930 663
669 654
39 593
828 561
388 351
31 705
36 681
164 486
679 385
169 72
321 773
88 56
569 668
439 527
316 64
334 684
444 180
527 531
680 122
628 592
174 866
188 177
338 226
391 364
818 216
643 338
540 157
862 273
440 269
232 752
358 112
269 737
438 184
665 228
162 144
975 451
227 875
653 379
478 339
935 593
900 788
598 985
340 953
864 51
151 164
229 463
655 743
140 624
327 950
422 590
974 427
281 446
783 534
256 204
848 374
688 207
821 429
38 905
609 579
831 196
579 119
825 27
702 371
596 978
7 535
764 24
748 757
544 748
697 450
436 146
934 433
238 802
309 789
963 643
967 187
803 810
94 317
339 566
601 143
194 335
160 451
397 426
36 638
809 954
57 573
540 62
691 442
17 95
292 343
575 181
799 672
356 862
782 918
397 140
718 784
222 999
577 464
652 390
391 434
620 18
802 662
634 402
909 130
852 410
878 793
862 354
224 306
22 101
871 496
656 239
93 80
168 281
153 107
463 322
664 537
438 132
194 764
283 358
379 764
175 687
72 196
328 46
420 676
846 432
203 465
864 812
671 79
455 871
875 672
324 442
676 855
56 696
949 401
77 222
557 84
756 928
120 319
599 697
822 88
953 287
789 466
708 829
832 68
65 687
120 430
358 600
930 57
658 613
778 101
229 197
472 582
79 246
683 416
167 19
125 901
518 355
973 343
702 367
371 573
950 35
816 670
673 123
657 670
169 964
612 120
905 88
959 789
325 716
673 468
162 766
787 92
294 124
254 72
817 858
491 630
326 301
933 795
271 420
867 27
170 329
725 409
428 897
778 657
566 699
291 599
961 663
4 176
265 548
583 92
514 613
825 463
990 667
616 567
913 382
468 148
714 876
435 325
18 679
292 474
974 666
848 730
122 848
905 613
780 375
1000 805
897 565
297 788
404 611
75 87
447 911
162 557
788 969
771 157
990 275
6 634
656 203
831 514
201 226
662 81
40 288
69 464
227 850
945 227
875 878
270 942
71 861
720 813
58 460
848 810
866 615
505 965
658 897
552 298
571 6
129 111
955 167
547 17
987 374
131 371
612 585
266 19
253 385
698 126
534 744
771 742
926 6
858 376
622 780
720 361
259 887
262 894
926 145
648 613
116 685
924 914
858 154
289 173
384 647
593 415
243 546
471 101
962 204
832 584
248 999
846 661
795 901
601 854
808 536
290 787
972 283
79 579
432 190
784 545
213 137
743 553
576 818
739 478
675 934
676 501
149 595
757 238
625 332
107 41
288 653
533 701
610 448
736 406
903 492
616 832
746 787
512 999
225 256
997 610
792 48
568 786
92 80
185 626
537 453
847 160
44 211
998 20
818 486
703 826
694 317
521 857
154 558
85 890
565 512
875 616
452 207
537 231
958 625
100 345
444 827
764 928
906 37
107 800
915 783
147 377
974 366
11 422
929 191
43 192
56 829
272 906
194 215
676 293
512 240
587 532
759 306
83 853
946 749
928 352
111 511
740 461
796 431
372 969
599 282
269 489
990 653
518 740
668 145
139 965
431 117
363 355
473 807
960 735
476 248
451 964
933 164
454 735
414 856
815 64
461 620
191 762
322 631
876 50
434 29
472 408
481 478
413 388
762 57
310 595
641 854
948 598
861 819
294 576
776 479
338 336
401 905
857 660
429 56
821 98
483 947
290 746
272 268
867 717
707 608
373 412
339 292
140 787
399 518
185 910
13 751
326 765
646 668
44 70
875 596
417 580
320 897
531 541
16 200
660 255
419 523
848 375
208 214
989 460
781 925
432 910
534 515
958 847
157 52
983 392
363 771
950 755
781 895
195 270
432 748
627 275
955 792
136 224
411 806
503 212
216 398
967 805
273 825
522 784
151 952
652 835
681 721
212 698
29 284
583 853
622 901
551 443
846 717
407 131
321 966
843 121
41 455
505 634
136 429
246 383
342 394
511 940
94 92
412 729
452 542
603 512
537 976
244 436
459 606
577 471
942 345
619 828
98 357
800 481
631 489
895 104
326 605
929 712
705 420
923 758
487 490
954 397
992 200
495 190
166 773
101 612
825 162
654 542
789 317
614 128
645 953
558 122
333 456
245 547
695 39
970 738
410 541
489 508
371 43
146 839
607 888
519 394
632 108
580 244
569 513
451 56
300 339
674 448
567 271
328 668
916 5
994 869
3 932
298 828
983 63
345 511
552 907
406 846
544 555
651 833
670 191
229 853
74 918
163 699
241 143
61 636
78 522
747 937
967 888
934 323
646 343
830 432
668 315
462 788
928 168
895 746
289 482
401 232
352 890
385 951
982 462
476 731
973 521
230 974
17 425
734 334
340 504
419 427
706 311
583 95
14 366
120 381
167 825
934 783
772 190
1 683
178 79
553 41
477 961
539 74
504 865
785 206
821 599
758 237
634 439
983 712
620 134
842 152
805 788
314 849
870 890
193 724
137 257
733 466
185 740
383 713
735 612
884 930
166 801
745 508
670 771
241 781
701 549
286 181
362 967
354 983
872 520
31 387
955 279
828 543
478 896
157 297
548 398
163 1000
681 875
688 57
746 259
802 17
159 636
362 520
665 287
495 308
835 75
694 914
424 966
904 496
799 542
834 785
625 482
359 782
267 612
62 387
934 284
778 376
483 242
375 32
693 75
713 773
551 29
772 350
759 478
618 906
801 186
195 599
499 717
200 831
105 265
666 872
350 241
960 612
504 200
543 862
359 637
948 174
781 799
481 727
868 453
31 751
360 692
142 140
164 460
681 190
717 552
810 346
758 444
771 333
627 775
991 302
494 786
226 244
230 724
325 224
583 260
144 62
608 627
6 724
596 28
836 515
281 682
395 847
71 546
536 151
136 929
430 839
589 710
366 577
667 936
941 201
300 215
873 983
376 149
619 435
574 721
434 525
552 376
534 237
718 261
975 414
767 984
897 988
572 730
591 174
150 416
907 39
105 91
33 662
710 552
56 625
308 545
167 871
168 671
152 4
315 720
281 416
346 198
76 419
777 896
520 624
138 202
158 137
507 313
270 455
403 226
261 128
34 387
329 922
170 202
375 151
713 848
308 92
971 436
310 742
527 443
15 87
199 218
388 59
612 128
634 696
914 110
56 378
238 614
415 180
504 588
196 770
105 979
52 750
222 58
95 200
499 979
687 916
891 825
912 482
288 460
933 52
628 956
365 562
98 495
135 566
62 530
28 390
487 227
605 412
145 358
308 950
69 207
219 766
598 55
477 186
315 195
278 53
905 781
376 467
325 486
606 905
883 516
865 17
372 7
561 483
249 820
180 882
897 798
893 183
352 59
79 184
191 514
409 932
373 411
135 746
996 615
145 865
845 977
650 705
141 694
680 440
537 81
92 825
306 838
590 974
258 997
977 507
101 3
417 76
55 758
313 19
43 150
726 393
671 280
358 525
987 95
825 936
722 480
713 739
18 475
419 872
565 39
346 879
367 535
260 435
726 218
623 326
40 605
611 262
873 389
118 266
579 804
354 860
748 917
86 212
75 69
868 270
943 316
104 467
660 530
810 131
528 976
430 336
639 466
532 724
124 310
574 331
278 260
45 519
317 226
601 431
791 895
370 896
80 650
62 526
13 122
197 493
839 818
36 941
349 34
222 816
813 659
286 557
112 394
405 353
641 595
128 522
92 507
41 531
796 645
430 895
994 841
822 653
663 343
996 656
818 476
694 331
572 787
556 360
225 440
867 889
779 459
836 136
414 34
785 702
881 801
491 669
646 889
36 873
111 13
972 763
742 161
555 293
851 555
380 994
294 438
385 458
519 171
172 790
