910 2898
466 759
286 652
195 514
261 5
381 392
380 12
807 827
82 474
444 661
84 636
639 632
355 158
640 511
861 558
510 839
593 433
525 98
623 450
602 823
252 281
348 99
426 789
831 269
65 678
43 372
341 76
852 48
290 465
339 615
525 324
431 512
653 460
625 405
628 540
610 35
459 910
57 85
745 275
46 712
736 501
492 78
365 472
807 641
498 814
651 3
31 667
657 216
679 587
831 895
816 396
209 562
228 362
713 20
821 219
565 706
661 642
667 48
764 283
330 326
128 712
443 538
372 707
864 541
776 364
380 809
440 750
344 181
618 110
867 550
465 666
137 69
33 353
430 733
56 574
457 107
96 884
705 666
177 127
397 167
271 840
399 135
459 626
627 358
594 590
41 854
541 342
204 717
526 577
49 323
875 654
568 545
788 41
143 750
113 603
517 770
223 353
443 640
44 450
202 690
681 874
900 43
52 603
193 300
595 605
675 523
506 9
841 279
72 233
435 15
399 582
495 233
358 206
747 432
104 327
783 501
484 205
31 205
34 44
490 395
183 461
204 598
764 772
486 253
490 874
159 612
646 126
41 650
261 729
840 232
377 769
894 530
2 743
227 689
780 493
691 327
693 34
642 458
437 169
312 696
405 843
464 249
482 248
616 859
102 250
746 227
762 319
613 143
102 308
352 25
743 440
845 124
874 242
35 28
377 778
175 856
434 902
593 705
5 339
207 124
120 846
709 282
432 143
128 579
57 636
728 828
147 261
24 120
632 706
889 879
721 614
810 545
98 434
248 870
407 790
835 628
229 685
178 506
287 891
218 414
292 515
593 119
80 403
431 876
674 208
773 140
9 412
672 706
51 825
489 241
270 142
806 87
609 452
372 535
746 356
819 422
112 7
823 61
770 427
220 22
25 224
763 30
160 684
416 797
511 331
522 491
321 301
162 10
236 722
700 193
814 404
395 518
693 499
34 391
682 612
241 412
761 275
465 257
856 708
626 777
733 611
475 168
590 148
683 793
545 856
623 84
331 726
637 461
802 303
159 291
416 643
842 214
259 632
667 769
281 126
84 184
139 360
857 261
124 343
824 517
751 170
115 738
413 523
884 329
208 815
500 296
120 65
637 740
891 681
841 428
896 156
454 489
437 431
493 834
426 615
262 842
874 428
491 289
734 176
425 518
355 270
599 196
343 528
245 857
129 205
204 76
60 201
478 200
722 529
320 625
307 877
491 79
844 60
96 66
205 736
173 812
248 456
13 899
678 22
516 688
648 681
60 47
557 882
908 688
484 514
620 183
731 92
89 521
149 154
904 386
830 853
723 381
216 538
412 771
472 505
18 368
275 825
166 333
470 348
729 119
63 885
906 1
467 651
93 733
675 312
785 101
290 435
790 877
538 733
709 883
564 138
323 169
3 177
100 93
778 616
48 171
582 424
712 343
713 738
754 411
717 613
261 441
743 741
339 214
529 311
195 839
162 613
731 905
755 456
188 388
151 240
120 562
64 820
871 76
449 109
126 561
568 847
550 611
846 314
459 20
355 688
232 624
251 150
144 241
590 831
741 689
355 212
714 46
901 673
740 180
25 886
598 660
103 533
512 213
417 236
218 186
777 604
651 416
706 320
136 883
294 720
882 17
238 503
593 818
461 172
726 408
565 193
237 762
772 429
518 697
832 714
818 735
302 436
250 851
861 134
878 796
57 587
39 32
499 774
795 245
669 105
248 187
303 415
620 819
78 733
147 566
168 284
118 95
245 845
530 887
267 329
384 340
366 179
261 333
51 27
356 77
767 503
505 331
246 124
291 423
704 833
391 591
710 29
553 840
308 724
518 839
3 309
683 896
885 9
305 452
597 1
395 143
660 859
699 768
78 255
443 155
300 699
725 699
853 417
287 463
416 556
697 909
829 802
167 458
151 396
211 787
508 805
612 261
244 468
736 842
382 165
519 509
480 791
392 580
357 36
449 156
16 191
549 363
236 538
420 719
700 137
37 301
444 2
192 43
616 904
265 510
433 279
589 703
128 509
535 370
314 626
18 318
504 679
448 697
88 155
417 891
325 146
255 666
789 24
802 484
841 204
383 904
649 757
689 459
305 628
253 833
795 514
683 658
706 316
758 288
415 199
878 421
843 325
610 72
726 530
234 129
768 4
770 719
861 292
610 910
257 94
370 449
116 304
43 112
246 450
867 404
424 446
388 204
333 818
392 135
506 301
580 272
363 620
695 210
185 336
424 760
44 782
140 313
324 251
72 148
853 432
538 81
725 908
155 489
871 296
156 855
507 826
838 906
167 344
365 643
521 802
422 380
897 615
595 708
45 650
450 726
804 502
532 211
56 374
739 68
295 610
909 354
844 838
404 843
902 647
837 598
396 138
535 409
149 590
404 826
446 314
9 321
190 140
836 274
472 154
310 36
671 21
150 480
235 845
863 829
177 380
673 4
69 25
198 537
292 757
205 713
23 13
562 138
122 783
102 740
231 366
418 627
566 55
380 30
697 511
553 2
426 210
9 330
626 680
201 499
561 507
213 150
90 22
680 42
113 290
327 869
320 543
247 76
765 786
488 325
894 312
418 794
681 205
292 764
498 25
169 429
743 443
891 652
432 418
179 824
513 613
418 909
170 638
789 805
701 899
138 882
526 680
220 821
469 148
805 362
808 514
385 592
558 690
907 351
603 106
675 649
844 796
748 199
80 556
337 434
688 811
605 201
143 446
236 620
718 408
238 685
633 128
392 509
778 820
504 460
680 372
78 48
425 641
500 824
265 661
196 580
270 824
277 261
667 712
209 365
119 230
800 712
289 770
298 129
617 265
563 142
157 267
837 697
325 756
37 219
256 553
115 385
777 89
335 282
742 878
72 332
149 29
408 548
299 538
321 553
418 581
294 334
313 650
830 762
724 89
562 76
747 72
569 595
553 348
511 908
459 154
58 622
708 737
228 341
871 43
714 482
625 370
594 185
525 334
616 182
282 157
526 839
339 283
397 870
566 905
456 93
59 485
39 764
443 898
81 507
264 677
528 300
527 91
362 350
678 29
754 824
296 864
353 113
38 160
748 644
766 176
93 79
292 641
828 390
496 615
317 647
821 225
699 838
61 812
371 825
673 426
257 21
371 263
99 86
504 277
46 228
113 279
433 161
474 165
482 37
338 222
493 611
520 1
337 414
729 576
371 185
839 767
491 78
424 891
21 327
744 292
637 39
361 417
162 905
12 2
372 668
564 905
446 752
47 274
289 224
420 416
611 504
99 172
199 282
745 212
222 42
459 724
318 691
637 79
486 48
680 131
756 182
495 373
264 715
775 178
899 711
888 85
798 454
164 69
573 682
226 532
243 622
830 662
889 621
621 818
51 419
877 787
418 728
333 673
635 340
191 327
488 524
343 875
513 571
854 333
114 292
425 827
7 415
689 204
346 176
85 518
458 171
345 489
336 417
645 191
593 841
578 114
545 304
768 564
395 470
555 564
80 25
189 409
133 508
427 268
360 356
69 510
676 221
1 886
10 114
391 228
142 591
70 429
699 866
421 258
501 441
619 746
726 66
730 129
287 361
415 292
575 315
834 758
854 317
179 42
326 784
398 49
358 714
83 59
436 253
206 373
246 875
66 78
837 61
340 763
215 36
624 390
659 83
362 822
477 520
260 50
49 159
325 175
271 552
148 744
246 565
429 332
268 756
234 292
610 578
847 608
459 867
768 576
733 532
178 201
95 833
775 739
887 165
857 370
655 753
720 828
681 714
793 589
59 106
689 247
86 255
469 237
787 200
498 681
557 56
761 639
337 157
399 762
874 499
183 382
34 151
649 357
118 63
764 627
611 492
404 644
698 97
82 839
821 208
329 197
353 642
214 717
508 490
789 872
727 549
836 547
787 183
524 255
13 71
53 173
474 146
424 611
25 286
724 597
604 464
689 56
142 294
795 152
206 771
497 303
174 887
379 349
714 872
56 477
539 79
703 846
64 722
397 370
515 531
273 503
384 798
387 164
540 339
587 638
343 401
753 544
477 224
315 871
568 857
565 454
162 664
203 691
554 873
61 167
839 711
2 311
171 145
41 670
522 180
667 638
739 487
75 541
68 225
70 645
252 760
182 121
310 34
256 661
812 224
704 505
316 330
249 358
254 856
608 720
89 878
723 586
653 214
841 641
668 854
633 236
488 18
696 535
234 570
16 761
735 341
538 492
813 598
887 62
781 99
392 335
147 206
113 351
385 581
26 638
226 451
726 844
856 257
485 1
861 59
367 382
127 330
323 65
886 568
152 743
522 554
742 235
230 577
467 273
657 638
641 655
40 648
709 577
353 138
834 14
644 799
512 449
318 779
848 707
371 145
562 465
122 706
69 239
161 6
306 732
400 84
883 695
791 717
3 580
425 108
726 313
892 907
159 329
803 544
680 726
863 805
629 899
409 386
177 23
711 11
507 226
274 855
496 262
167 270
243 361
869 229
123 50
358 618
346 735
330 181
792 557
669 270
447 862
103 375
469 147
440 82
494 133
157 586
409 179
482 587
835 203
94 168
585 778
669 711
821 149
877 280
592 67
495 800
541 577
302 207
241 164
547 870
161 797
223 417
409 894
878 135
186 581
742 598
377 309
583 598
14 424
841 812
471 121
203 711
26 769
336 292
894 699
851 391
896 811
877 635
845 594
185 372
139 397
317 741
587 369
78 423
460 806
427 157
176 513
543 822
430 122
819 908
605 312
823 481
578 435
220 391
25 348
522 34
117 206
279 339
802 873
508 733
557 490
71 525
206 268
25 768
59 721
483 19
599 161
216 833
457 685
332 12
423 64
345 71
573 98
593 665
45 713
840 334
539 259
805 863
865 172
96 148
793 242
25 293
333 292
292 312
719 174
313 771
407 402
603 897
549 581
350 840
574 317
632 729
281 237
440 637
249 110
612 138
260 572
691 240
231 27
33 112
722 258
760 567
172 410
541 846
77 141
702 213
761 434
778 240
523 905
744 538
583 722
108 754
894 785
790 413
367 627
5 599
887 350
692 122
252 514
773 460
352 173
711 191
143 196
182 33
366 503
248 168
619 107
654 37
342 28
290 523
844 824
894 327
588 872
793 624
79 855
297 724
302 900
895 300
722 678
712 900
439 260
677 356
199 405
440 711
555 133
710 500
910 353
641 582
823 378
347 104
700 231
299 141
526 490
72 844
180 245
208 193
479 91
223 13
688 455
193 796
566 545
143 165
844 387
628 496
421 94
477 476
685 23
885 826
299 638
29 94
549 237
753 436
309 259
385 211
278 518
648 269
693 24
396 424
56 542
897 184
898 38
451 228
690 388
138 601
267 477
337 778
641 712
414 682
328 221
164 478
554 794
96 105
707 603
444 531
48 776
713 206
861 305
849 510
22 304
373 894
247 640
585 881
677 278
553 211
348 294
41 903
703 11
743 160
469 316
380 316
271 191
247 779
220 853
573 353
407 545
162 827
53 371
511 38
152 487
687 756
781 26
893 885
468 235
213 707
671 74
433 197
586 5
487 597
364 577
527 744
287 119
622 757
365 628
735 629
792 341
126 374
171 429
63 294
121 299
393 356
415 644
53 866
842 774
183 895
459 576
595 578
500 364
216 673
288 163
15 325
471 216
150 513
489 903
817 640
104 673
449 301
321 528
609 791
117 740
430 83
414 522
642 666
887 379
105 620
602 818
532 183
440 797
828 432
611 544
797 842
526 909
66 522
434 627
777 462
371 180
619 807
838 626
749 77
592 835
307 119
364 124
398 663
573 404
813 833
263 314
655 131
453 728
511 561
702 593
795 75
172 299
729 694
713 25
772 508
594 707
441 548
631 764
464 62
155 274
321 475
857 679
895 549
808 125
420 171
369 503
570 466
748 770
253 18
626 217
189 67
758 431
387 651
620 324
895 834
536 757
45 44
869 863
693 315
22 671
589 687
164 177
76 275
764 852
890 843
766 25
473 265
532 411
550 782
93 849
296 323
100 104
445 126
852 23
877 155
835 396
728 245
657 207
60 132
130 329
18 728
96 782
904 864
870 703
319 17
231 830
691 227
509 184
521 403
108 178
815 332
193 408
412 497
750 901
92 861
435 455
221 42
117 835
152 377
868 474
544 587
229 536
233 484
110 866
165 104
719 827
649 384
278 567
335 215
750 876
583 763
712 43
395 361
159 464
288 850
705 112
146 506
186 907
393 339
804 843
327 515
186 148
828 715
459 613
578 607
78 772
619 342
571 496
414 508
471 245
509 34
327 223
130 98
460 55
821 26
880 836
627 295
62 86
410 261
857 302
679 616
745 46
358 38
602 599
4 439
79 797
192 714
194 738
309 392
183 883
140 505
159 511
440 856
169 95
444 396
466 84
211 542
30 763
712 494
253 423
436 889
328 834
590 677
519 376
300 646
10 505
12 351
143 297
495 144
511 775
427 167
467 124
842 80
346 898
863 592
158 88
297 10
597 714
638 446
109 458
681 172
310 190
188 709
706 361
444 816
515 232
883 418
799 861
832 868
673 414
549 126
877 417
257 25
386 521
41 738
410 124
213 62
13 433
825 590
237 328
369 397
39 598
43 76
19 643
88 595
875 612
415 114
885 633
576 82
558 557
362 442
658 584
590 104
774 147
580 393
830 445
447 73
789 830
665 827
44 625
778 634
375 294
412 300
417 340
439 496
850 2
895 475
741 383
826 107
630 171
871 34
158 667
221 150
685 154
94 690
906 431
449 709
753 122
327 43
535 461
671 423
178 482
491 873
682 908
499 217
153 525
237 565
560 106
94 539
186 405
686 478
762 407
194 85
105 195
424 883
401 277
383 118
405 664
759 577
206 835
484 751
791 491
809 64
428 19
727 489
102 515
445 206
378 709
612 74
274 904
667 867
210 343
528 427
768 783
161 567
405 451
405 894
335 468
781 722
785 90
608 189
646 622
835 118
391 716
677 402
523 842
454 478
384 806
572 196
117 48
492 874
357 188
631 255
688 872
527 362
195 840
895 836
575 533
284 632
448 545
750 874
695 721
665 307
299 29
211 207
232 627
641 279
252 704
769 285
283 443
580 679
854 887
466 665
602 378
287 243
659 314
693 795
129 164
2 682
455 177
745 625
579 582
68 628
399 305
330 607
520 56
498 460
867 662
83 893
687 483
198 35
131 403
723 55
524 60
548 532
516 680
442 384
262 224
228 27
600 910
837 340
178 390
768 170
720 179
793 867
77 874
105 611
102 297
103 527
17 74
882 462
537 217
575 539
102 717
804 802
605 580
332 693
299 734
265 143
377 658
481 321
18 711
174 649
147 723
654 873
595 304
334 260
444 476
356 174
802 746
13 134
820 298
622 762
436 576
651 467
712 152
159 72
126 565
435 381
511 659
577 420
158 280
85 543
625 400
607 256
523 390
212 323
232 76
860 598
823 578
572 661
406 359
443 491
910 777
548 414
409 600
708 68
894 355
899 51
289 493
867 794
484 11
504 276
606 32
21 732
298 268
216 600
13 498
34 172
753 343
38 506
684 229
246 121
784 586
70 884
226 818
306 792
819 445
667 391
64 677
176 815
451 784
838 428
514 494
859 412
532 859
58 463
354 659
696 64
476 96
695 9
167 63
372 719
19 709
158 909
269 833
684 608
778 725
759 32
781 683
353 382
858 253
83 798
320 444
840 888
712 141
625 600
737 720
314 515
276 747
759 116
282 37
284 705
14 35
821 597
353 405
334 170
156 267
777 614
697 716
864 550
441 160
387 838
62 510
215 480
103 295
571 640
808 334
81 605
205 717
170 583
62 52
687 94
448 173
565 131
142 571
795 228
891 383
669 363
449 671
859 84
861 669
401 540
443 556
339 34
139 193
198 653
306 690
329 389
80 902
890 565
100 778
909 750
235 85
899 158
521 522
754 247
809 173
350 673
546 693
538 539
639 306
380 656
322 820
750 909
508 264
423 780
147 441
721 761
854 743
869 476
262 762
302 823
247 775
197 73
292 262
348 272
209 62
136 362
377 615
504 89
783 392
471 474
54 166
807 348
777 295
558 904
228 266
70 605
487 641
144 361
697 261
806 161
57 499
905 651
28 558
891 638
647 91
456 477
744 695
765 276
552 460
606 584
723 329
299 181
164 681
356 383
875 364
470 830
825 797
164 327
38 530
720 453
543 82
704 750
375 887
732 446
656 513
17 344
125 663
1 550
645 86
705 454
423 616
19 119
708 650
909 108
126 847
471 892
297 476
62 267
585 766
237 148
176 604
771 228
452 486
562 35
853 501
283 526
301 148
180 866
238 774
740 460
337 908
241 805
662 249
3 89
813 696
119 796
712 874
105 860
452 173
163 850
260 309
64 76
7 552
302 840
307 848
679 122
238 723
313 325
758 410
854 265
64 359
195 82
657 163
641 342
35 531
899 551
458 685
334 502
290 391
409 528
673 867
391 736
530 377
435 881
183 808
333 337
634 730
381 441
278 603
183 260
386 688
385 696
280 402
599 668
251 643
779 170
408 273
295 904
725 801
227 176
390 684
840 826
824 190
535 351
793 274
843 635
745 9
235 65
21 684
151 792
634 562
212 877
229 708
394 478
326 358
224 850
118 196
11 705
633 773
785 282
93 560
656 625
614 425
263 378
586 360
14 306
515 222
682 594
662 19
637 36
730 838
713 217
752 423
45 167
666 859
520 866
561 29
618 198
139 444
164 396
777 784
607 770
849 855
119 664
675 687
346 865
223 165
136 308
581 185
781 156
235 603
452 440
143 595
664 523
299 746
714 208
207 261
196 890
96 204
481 83
374 221
608 412
25 318
206 613
835 746
766 834
50 740
507 621
272 225
34 513
316 77
191 320
708 574
430 886
270 113
720 415
349 382
388 4
873 380
709 14
254 272
54 262
385 619
225 417
225 852
891 439
856 136
123 340
52 211
316 213
889 635
533 209
382 626
771 379
609 831
749 806
189 263
427 516
281 401
361 264
128 492
217 306
96 400
740 406
443 254
339 599
249 579
269 256
806 233
377 883
718 383
313 580
777 365
758 588
156 297
708 784
321 516
105 810
624 219
221 99
298 541
652 598
445 432
857 509
175 909
434 163
470 440
346 257
681 693
324 233
465 706
709 532
545 595
397 808
478 468
400 238
244 90
389 388
528 746
671 498
56 720
455 537
850 509
246 520
803 199
272 71
184 787
494 330
150 56
443 469
890 192
48 35
504 48
322 564
638 605
513 658
532 743
475 497
591 841
795 520
540 535
832 88
128 506
612 746
573 62
793 901
757 380
297 822
618 824
627 522
461 597
862 651
780 463
104 120
607 879
776 41
280 451
565 6
382 615
110 360
612 103
850 867
448 89
819 561
824 901
315 478
323 460
212 815
411 508
125 507
662 887
224 367
351 292
516 472
882 767
498 811
407 18
581 254
880 209
12 628
178 259
347 79
241 448
833 772
706 247
192 491
176 373
568 886
326 538
684 213
25 624
279 197
462 735
835 67
602 439
910 100
552 213
789 195
432 152
144 103
808 868
128 161
183 325
64 270
601 345
532 764
221 248
575 574
873 12
275 51
205 793
226 811
377 224
379 657
198 461
388 381
217 389
71 269
675 835
51 614
86 374
898 468
165 696
886 548
759 302
862 637
226 568
341 582
770 708
339 899
540 721
189 317
264 567
634 666
46 260
564 223
586 793
719 424
738 588
852 585
89 106
327 846
755 819
555 190
842 19
903 614
834 875
245 349
855 131
170 382
472 13
627 288
520 123
152 53
78 616
207 26
851 179
748 778
505 766
512 154
162 681
695 747
536 347
326 272
545 653
718 840
535 402
443 363
393 858
371 146
192 757
636 331
893 340
145 193
165 729
23 239
283 95
122 237
50 139
713 679
398 459
698 152
384 32
57 638
96 687
595 326
461 14
27 82
164 680
896 139
515 252
57 820
739 455
107 811
608 406
256 153
648 277
613 237
78 781
63 625
528 315
836 268
416 351
71 395
287 785
700 89
66 820
191 168
549 560
582 29
413 382
159 654
382 546
458 601
438 366
810 335
206 257
426 430
691 525
86 65
694 190
805 620
73 519
171 555
61 200
743 123
340 385
893 245
179 773
162 215
809 715
38 55
848 282
828 768
552 184
756 546
722 69
170 262
544 594
763 560
231 517
255 313
366 739
484 231
125 243
553 533
720 445
312 570
332 819
376 58
338 454
251 136
129 468
476 344
406 706
245 21
265 853
124 60
557 473
842 530
398 731
60 788
759 193
376 459
375 308
324 480
148 86
646 383
168 652
686 25
428 560
545 113
716 561
737 668
844 720
171 537
98 539
414 768
255 713
654 705
690 189
586 506
568 609
454 748
805 675
332 579
237 904
728 871
340 373
50 760
803 394
540 65
464 303
743 17
763 703
340 47
51 449
895 799
535 350
900 756
463 628
66 587
675 587
861 780
368 474
439 346
320 680
174 616
284 248
734 815
532 899
126 402
59 786
878 206
498 795
423 743
362 212
16 559
787 896
360 109
633 761
279 467
465 168
728 168
587 236
143 414
217 99
328 719
357 742
749 5
841 892
880 380
608 390
283 9
802 881
618 836
841 186
417 213
438 792
812 882
441 658
833 813
417 531
223 874
554 791
88 244
456 875
29 614
527 306
490 712
698 416
502 506
888 676
391 453
675 710
530 242
783 292
36 639
238 837
495 625
847 460
830 268
481 195
635 507
106 176
837 262
79 680
172 733
563 682
895 778
145 517
59 404
702 85
867 301
210 728
598 26
781 602
758 441
128 747
823 21
808 157
590 768
223 67
906 835
337 9
32 603
569 446
558 152
888 207
10 239
798 348
340 649
842 649
785 268
402 629
367 111
353 351
652 559
547 545
449 121
640 333
679 562
796 385
482 812
283 254
530 648
797 427
363 428
498 908
84 258
322 395
513 97
313 692
873 21
423 892
721 374
262 698
853 50
160 156
316 306
457 257
310 877
77 761
869 210
700 287
465 148
217 537
639 342
605 578
322 85
716 587
417 111
812 438
354 305
778 98
101 510
806 604
424 319
797 439
266 289
13 819
4 601
435 161
327 328
165 72
77 214
758 759
561 137
401 645
502 155
84 737
527 830
340 852
715 637
886 427
202 853
908 564
169 414
591 682
542 179
599 806
424 802
694 579
369 361
683 677
10 877
361 394
452 666
255 845
733 685
224 361
166 588
558 503
559 495
375 633
122 207
857 16
804 521
884 595
255 361
347 399
595 878
155 39
528 571
772 219
676 725
542 463
299 234
599 362
475 358
374 192
756 157
331 520
724 316
26 171
66 258
319 116
230 204
625 399
336 8
594 163
888 786
43 709
482 127
138 461
855 328
415 428
127 347
825 64
660 572
457 254
139 659
196 285
876 884
435 220
57 356
80 136
299 694
895 209
142 96
735 830
666 870
631 178
301 215
653 386
803 109
272 30
330 851
52 606
685 422
315 778
101 687
120 237
749 450
110 392
790 163
495 69
81 134
46 580
251 562
341 247
346 226
238 865
292 716
446 276
445 750
801 161
171 603
732 229
417 117
277 635
278 172
484 494
125 396
570 164
629 465
6 730
575 320
283 64
786 89
424 597
133 115
196 259
674 738
839 555
661 92
641 463
797 775
527 468
605 447
675 555
495 715
92 601
811 257
523 661
378 659
852 79
217 92
255 203
662 322
832 116
351 676
486 576
809 490
412 808
841 234
640 518
461 20
504 84
304 893
848 227
96 792
206 167
879 886
707 670
465 226
748 17
380 27
721 293
145 378
576 765
95 63
370 33
227 514
891 52
100 577
716 748
608 493
591 540
812 210
595 162
293 296
315 658
25 510
541 798
262 127
800 211
412 660
506 252
307 453
203 225
274 851
668 672
613 854
431 497
415 796
396 706
162 334
897 278
259 288
104 52
858 197
381 440
309 139
113 826
573 196
177 608
595 734
598 180
426 838
568 572
808 406
286 445
809 438
403 443
281 109
890 581
282 478
856 589
583 49
606 210
185 188
476 24
441 733
778 740
799 617
841 521
249 434
645 559
650 724
670 569
838 16
770 784
644 156
754 771
628 634
426 519
669 767
323 606
487 103
177 770
87 259
215 718
486 658
293 219
701 889
836 896
527 443
13 204
35 163
218 698
38 523
38 890
630 538
629 514
523 157
689 162
464 790
102 121
871 581
417 487
895 308
364 375
475 169
609 574
828 792
595 200
483 866
876 107
464 710
382 296
844 499
739 31
850 595
653 158
674 312
451 538
216 64
275 146
330 758
187 500
647 730
817 288
30 23
416 753
57 846
554 684
422 118
900 63
712 217
416 502
362 901
513 579
164 521
753 649
807 218
311 273
132 466
352 147
407 802
448 817
690 784
109 296
163 861
19 375
186 595
499 811
833 95
502 162
659 144
187 582
562 893
579 169
446 400
86 678
507 351
881 622
312 351
28 424
701 49
131 706
544 335
601 453
224 554
393 51
526 311
788 794
532 908
534 439
864 634
405 769
154 515
211 27
216 537
767 54
861 610
275 822
455 860
498 659
866 709
98 14
651 70
853 398
47 59
470 269
806 678
861 94
883 839
338 871
193 774
51 643
125 451
251 591
881 59
94 743
613 549
354 592
78 881
488 801
842 115
678 469
613 893
112 801
79 104
429 606
527 366
910 354
839 23
815 94
896 561
895 347
583 163
702 34
580 699
62 662
637 353
268 17
839 127
418 610
573 677
171 870
759 377
596 77
279 830
502 706
621 813
624 873
215 747
695 701
148 107
477 843
204 517
559 253
541 441
711 395
365 203
311 452
223 61
744 279
724 856
555 332
158 215
590 769
502 594
258 689
188 557
83 394
321 513
896 342
880 363
163 889
448 77
649 776
823 834
393 764
859 260
110 341
19 77
517 182
43 817
295 694
728 190
88 680
747 516
343 209
182 236
555 770
845 175
369 382
556 38
441 524
649 87
520 545
851 853
88 855
711 273
134 689
855 534
807 68
773 180
499 780
760 599
763 738
413 655
70 837
407 703
700 324
423 385
99 384
689 733
746 851
340 75
245 653
53 383
291 476
873 364
837 753
495 275
706 27
370 37
891 470
